# time [arb], signal 1 w/o noise [arb], signal 1 w/noise [arb], signal 2 w/o noise [arb], signal 2 w/noise [arb]
0.0000 0.6883 0.4582 0.0000 -0.0461
0.1000 0.8368 0.7365 0.0000 0.2112
0.2000 1.0074 1.1902 0.0000 -0.0439
0.3000 1.2009 1.8580 0.0000 0.1033
0.4000 1.4174 1.4228 0.0000 0.0012
0.5000 1.6566 1.5112 0.0000 0.0556
0.6000 1.9172 1.4978 0.0000 0.1838
0.7000 2.1971 1.7030 0.0000 -0.1008
0.8000 2.4933 2.5227 0.0000 0.0158
0.9000 2.8020 2.2005 0.0000 -0.1772
1.0000 3.1183 3.4567 0.0000 0.0096
1.1000 3.4370 3.5847 0.0000 0.0718
1.2000 3.7519 3.7138 0.0000 -0.0913
1.3000 4.0567 4.0955 0.0000 -0.1159
1.4000 4.3448 4.1092 0.0000 0.0554
1.5000 4.6097 4.4515 0.0000 -0.0634
1.6000 4.8454 4.8822 0.0000 0.0111
1.7000 5.0468 4.7709 0.0000 0.1191
1.8000 5.2092 5.1469 0.0000 0.1473
1.9000 5.3296 5.1779 0.0000 0.0641
2.0000 5.4060 5.3205 0.0000 0.1161
2.1000 5.4379 5.7709 0.0000 -0.0659
2.2000 5.4264 5.7194 0.0000 -0.0364
2.3000 5.3737 5.7137 0.0000 -0.0878
2.4000 5.2835 5.1046 0.0000 -0.0235
2.5000 5.1605 5.5987 0.0000 0.0205
2.6000 5.0105 4.4431 0.0000 -0.0823
2.7000 4.8395 4.7600 0.0000 0.0093
2.8000 4.6541 4.2211 0.0000 0.0214
2.9000 4.4608 4.4976 0.0000 0.0883
3.0000 4.2660 4.4151 0.0000 -0.0583
3.1000 4.0754 4.1874 0.0000 0.0780
3.2000 3.8940 4.0313 0.0000 -0.0012
3.3000 3.7262 3.6853 0.0000 -0.0360
3.4000 3.5750 3.3497 0.0000 -0.0672
3.5000 3.4429 3.1220 0.0000 -0.0726
3.6000 3.3309 3.2382 0.0000 -0.0170
3.7000 3.2395 2.5724 0.0000 -0.0021
3.8000 3.1679 3.0886 0.0000 0.1948
3.9000 3.1151 2.9457 0.0000 0.1037
4.0000 3.0789 2.9301 0.0000 -0.0211
4.1000 3.0571 2.7579 0.0000 -0.0433
4.2000 3.0469 3.2228 0.0000 -0.1096
4.3000 3.0455 3.2461 0.0000 0.0413
4.4000 3.0500 3.5549 0.0000 0.2330
4.5000 3.0576 3.2541 0.0000 0.1082
4.6000 3.0654 3.4472 0.0000 -0.0969
4.7000 3.0712 2.5123 0.0000 0.0808
4.8000 3.0727 2.8178 0.0000 0.0271
4.9000 3.0679 2.9467 0.0000 0.0927
5.0000 3.0555 3.1232 1.0000 1.2483
5.1000 3.0343 2.5110 1.0000 0.9467
5.2000 3.0033 2.8324 1.0000 0.8468
5.3000 2.9622 2.6904 1.0000 1.0874
5.4000 2.9107 2.6068 1.0000 0.8567
5.5000 2.8488 3.0540 1.0000 1.0757
5.6000 2.7770 2.6889 1.0000 0.9303
5.7000 2.6958 3.2042 1.0000 0.9143
5.8000 2.6059 2.8880 1.0000 1.2654
5.9000 2.5083 3.3250 1.0000 1.0796
6.0000 2.4039 2.3159 1.0000 1.1047
6.1000 2.2938 2.4543 1.0000 0.9216
6.2000 2.1792 2.4115 1.0000 0.8579
6.3000 2.0612 1.9066 1.0000 0.8353
6.4000 1.9410 1.3465 1.0000 0.9320
6.5000 1.8198 1.6212 1.0000 1.1829
6.6000 1.6986 1.6378 1.0000 0.9963
6.7000 1.5784 1.4347 1.0000 0.9658
6.8000 1.4603 1.4280 1.0000 1.1211
6.9000 1.3450 1.3656 1.0000 1.2454
7.0000 1.2334 0.6866 1.0000 1.0623
7.1000 1.1259 0.8967 1.0000 0.9223
7.2000 1.0233 0.9020 1.0000 1.0450
7.3000 0.9259 1.4322 1.0000 1.0631
7.4000 0.8341 0.4073 1.0000 1.0659
7.5000 0.7481 0.7908 1.0000 0.9867
7.6000 0.6679 0.7850 1.0000 0.8728
7.7000 0.5937 0.5769 1.0000 1.0635
7.8000 0.5254 0.1786 1.0000 1.1092
7.9000 0.4629 0.2905 1.0000 0.9220
8.0000 0.4060 0.1849 1.0000 1.1263
8.1000 0.3545 0.1700 1.0000 1.0547
8.2000 0.3082 0.4705 1.0000 1.0983
8.3000 0.2668 0.0492 1.0000 1.2108
8.4000 0.2299 0.4118 1.0000 0.9350
8.5000 0.1972 0.3448 1.0000 0.8628
8.6000 0.1684 0.1418 1.0000 0.8899
8.7000 0.1432 0.1380 1.0000 1.0883
8.8000 0.1212 0.3241 1.0000 0.9880
8.9000 0.1021 -0.3226 1.0000 1.0379
9.0000 0.0857 -0.6084 1.0000 1.1176
9.1000 0.0716 -0.0358 1.0000 0.9649
9.2000 0.0595 0.0639 1.0000 0.8419
9.3000 0.0493 0.0737 1.0000 1.1924
9.4000 0.0406 0.1845 1.0000 0.8907
9.5000 0.0333 0.2127 1.0000 0.9077
9.6000 0.0272 -0.3371 1.0000 0.9318
9.7000 0.0221 -0.0032 1.0000 0.9212
9.8000 0.0179 -0.7814 1.0000 0.9447
9.9000 0.0145 0.3524 1.0000 0.8398
10.0000 0.0116 0.2490 0.0000 0.0449
10.1000 0.0093 -0.3532 0.0000 -0.0070
10.2000 0.0074 0.5915 0.0000 -0.0175
10.3000 0.0058 -0.2210 0.0000 -0.0840
10.4000 0.0046 0.0769 0.0000 -0.0248
10.5000 0.0036 0.0611 0.0000 -0.0268
10.6000 0.0028 0.1471 0.0000 0.0564
10.7000 0.0022 -0.3301 0.0000 -0.0232
10.8000 0.0017 0.1267 0.0000 -0.0390
10.9000 0.0013 0.1200 0.0000 0.0530
11.0000 0.0010 0.2831 0.0000 -0.1365
11.1000 0.0008 0.1137 0.0000 -0.0137
11.2000 0.0006 0.2043 0.0000 0.0671
11.3000 0.0004 -0.0408 0.0000 -0.0815
11.4000 0.0003 -0.1547 0.0000 0.0300
11.5000 0.0003 0.0115 0.0000 0.1474
11.6000 0.0002 0.2010 0.0000 -0.0549
11.7000 0.0001 0.1169 0.0000 0.1466
11.8000 0.0001 0.3692 0.0000 -0.1043
11.9000 0.0001 0.0907 0.0000 0.1376
12.0000 0.0001 0.3353 0.0000 0.0264
12.1000 0.0000 0.0782 0.0000 0.0681
12.2000 0.0000 0.1750 0.0000 -0.1097
12.3000 0.0000 -0.0160 0.0000 -0.1961
12.4000 0.0000 -0.3421 0.0000 0.1458
12.5000 0.0000 -0.2780 0.0000 0.1416
12.6000 0.0000 -0.3938 0.0000 -0.0093
12.7000 0.0000 -0.2156 0.0000 -0.0436
12.8000 0.0000 0.1644 0.0000 -0.1211
12.9000 0.0000 -0.3803 0.0000 -0.1526
13.0000 0.0000 0.0186 0.0000 -0.0520
13.1000 0.0000 -0.0005 0.0000 0.0726
13.2000 0.0000 -0.3268 0.0000 -0.1632
13.3000 0.0000 0.5980 0.0000 0.1124
13.4000 0.0000 0.5271 0.0000 -0.0314
13.5000 0.0000 0.1652 0.0000 0.0910
13.6000 0.0000 0.6590 0.0000 0.1468
13.7000 0.0000 0.4740 0.0000 -0.0617
13.8000 0.0000 -0.0964 0.0000 -0.0736
13.9000 0.0000 -0.0045 0.0000 0.0829
14.0000 0.0000 -0.0048 0.0000 0.0073
14.1000 0.0000 0.2676 0.0000 -0.0132
14.2000 0.0000 0.3098 0.0000 -0.0147
14.3000 0.0000 -0.2795 0.0000 -0.0560
14.4000 0.0000 0.0597 0.0000 -0.1050
14.5000 0.0000 0.1151 0.0000 -0.0471
14.6000 0.0000 0.2170 0.0000 0.1289
14.7000 0.0000 -0.2657 0.0000 -0.1203
14.8000 0.0000 -0.1770 0.0000 -0.1173
14.9000 0.0000 0.4253 0.0000 0.3668
15.0000 0.6883 0.4582 0.0000 0.0162
15.1000 0.8368 0.7365 0.0000 -0.1161
15.2000 1.0074 1.1902 0.0000 0.0503
15.3000 1.2009 1.8580 0.0000 -0.0183
15.4000 1.4174 1.4228 0.0000 -0.0703
15.5000 1.6566 1.5112 0.0000 -0.1130
15.6000 1.9172 1.4978 0.0000 0.1935
15.7000 2.1971 1.7030 0.0000 0.0415
15.8000 2.4933 2.5227 0.0000 -0.1455
15.9000 2.8020 2.2005 0.0000 -0.0749
16.0000 3.1183 3.4567 0.0000 0.1380
16.1000 3.4370 3.5847 0.0000 -0.0518
16.2000 3.7519 3.7138 0.0000 -0.0951
16.3000 4.0567 4.0955 0.0000 0.0547
16.4000 4.3448 4.1092 0.0000 0.0778
16.5000 4.6097 4.4515 0.0000 0.1494
16.6000 4.8454 4.8822 0.0000 -0.0235
16.7000 5.0468 4.7709 0.0000 0.1211
16.8000 5.2092 5.1469 0.0000 0.0689
16.9000 5.3296 5.1779 0.0000 -0.1109
17.0000 5.4060 5.3205 0.0000 0.1978
17.1000 5.4379 5.7709 0.0000 0.0092
17.2000 5.4264 5.7194 0.0000 0.0422
17.3000 5.3737 5.7137 0.0000 0.0169
17.4000 5.2835 5.1046 0.0000 -0.0993
17.5000 5.1605 5.5987 0.0000 -0.0689
17.6000 5.0105 4.4431 0.0000 -0.1826
17.7000 4.8395 4.7600 0.0000 0.1650
17.8000 4.6541 4.2211 0.0000 -0.0900
17.9000 4.4608 4.4976 0.0000 0.0782
18.0000 4.2660 4.4151 0.0000 -0.1084
18.1000 4.0754 4.1874 0.0000 -0.0462
18.2000 3.8940 4.0313 0.0000 -0.0815
18.3000 3.7262 3.6853 0.0000 0.0690
18.4000 3.5750 3.3497 0.0000 -0.0731
18.5000 3.4429 3.1220 0.0000 -0.0206
18.6000 3.3309 3.2382 0.0000 -0.1186
18.7000 3.2395 2.5724 0.0000 0.0512
18.8000 3.1679 3.0886 0.0000 -0.0101
18.9000 3.1151 2.9457 0.0000 -0.2140
19.0000 3.0789 2.9301 0.0000 -0.1037
19.1000 3.0571 2.7579 0.0000 0.1228
19.2000 3.0469 3.2228 0.0000 -0.0163
19.3000 3.0455 3.2461 0.0000 -0.0493
19.4000 3.0500 3.5549 0.0000 -0.0463
19.5000 3.0576 3.2541 0.0000 0.0153
19.6000 3.0654 3.4472 0.0000 -0.0431
19.7000 3.0712 2.5123 0.0000 0.0134
19.8000 3.0727 2.8178 0.0000 -0.1851
19.9000 3.0679 2.9467 0.0000 0.0807
20.0000 3.0555 3.1232 1.0000 1.0107
20.1000 3.0343 2.5110 1.0000 0.9450
20.2000 3.0033 2.8324 1.0000 0.8768
20.3000 2.9622 2.6904 1.0000 0.8881
20.4000 2.9107 2.6068 1.0000 0.9488
20.5000 2.8488 3.0540 1.0000 1.1867
20.6000 2.7770 2.6889 1.0000 0.9160
20.7000 2.6958 3.2042 1.0000 0.9945
20.8000 2.6059 2.8880 1.0000 0.7802
20.9000 2.5083 3.3250 1.0000 0.9064
21.0000 2.4039 2.3159 1.0000 1.1237
21.1000 2.2938 2.4543 1.0000 1.1026
21.2000 2.1792 2.4115 1.0000 0.8641
21.3000 2.0612 1.9066 1.0000 0.9072
21.4000 1.9410 1.3465 1.0000 0.9901
21.5000 1.8198 1.6212 1.0000 0.9743
21.6000 1.6986 1.6378 1.0000 0.9298
21.7000 1.5784 1.4347 1.0000 0.9769
21.8000 1.4603 1.4280 1.0000 0.9300
21.9000 1.3450 1.3656 1.0000 1.2506
22.0000 1.2334 0.6866 1.0000 1.0366
22.1000 1.1259 0.8967 1.0000 0.8889
22.2000 1.0233 0.9020 1.0000 0.8528
22.3000 0.9259 1.4322 1.0000 1.0408
22.4000 0.8341 0.4073 1.0000 0.9121
22.5000 0.7481 0.7908 1.0000 1.0967
22.6000 0.6679 0.7850 1.0000 1.0518
22.7000 0.5937 0.5769 1.0000 0.8842
22.8000 0.5254 0.1786 1.0000 1.0632
22.9000 0.4629 0.2905 1.0000 1.0436
23.0000 0.4060 0.1849 1.0000 1.0324
23.1000 0.3545 0.1700 1.0000 0.8330
23.2000 0.3082 0.4705 1.0000 1.1588
23.3000 0.2668 0.0492 1.0000 1.0069
23.4000 0.2299 0.4118 1.0000 0.9768
23.5000 0.1972 0.3448 1.0000 1.0804
23.6000 0.1684 0.1418 1.0000 0.9357
23.7000 0.1432 0.1380 1.0000 1.0174
23.8000 0.1212 0.3241 1.0000 1.0932
23.9000 0.1021 -0.3226 1.0000 1.0428
24.0000 0.0857 -0.6084 1.0000 0.9300
24.1000 0.0716 -0.0358 1.0000 0.9151
24.2000 0.0595 0.0639 1.0000 1.1742
24.3000 0.0493 0.0737 1.0000 1.0215
24.4000 0.0406 0.1845 1.0000 1.0040
24.5000 0.0333 0.2127 1.0000 0.8357
24.6000 0.0272 -0.3371 1.0000 0.9881
24.7000 0.0221 -0.0032 1.0000 1.0547
24.8000 0.0179 -0.7814 1.0000 0.8767
24.9000 0.0145 0.3524 1.0000 0.9683
25.0000 0.0116 0.2490 0.0000 0.0772
25.1000 0.0093 -0.3532 0.0000 -0.0041
25.2000 0.0074 0.5915 0.0000 0.0217
25.3000 0.0058 -0.2210 0.0000 0.0388
25.4000 0.0046 0.0769 0.0000 -0.0999
25.5000 0.0036 0.0611 0.0000 0.0548
25.6000 0.0028 0.1471 0.0000 -0.1778
25.7000 0.0022 -0.3301 0.0000 -0.1497
25.8000 0.0017 0.1267 0.0000 -0.1048
25.9000 0.0013 0.1200 0.0000 0.0705
26.0000 0.0010 0.2831 0.0000 -0.0508
26.1000 0.0008 0.1137 0.0000 0.0177
26.2000 0.0006 0.2043 0.0000 0.1222
26.3000 0.0004 -0.0408 0.0000 0.0194
26.4000 0.0003 -0.1547 0.0000 0.0461
26.5000 0.0003 0.0115 0.0000 0.0992
26.6000 0.0002 0.2010 0.0000 -0.1180
26.7000 0.0001 0.1169 0.0000 -0.0723
26.8000 0.0001 0.3692 0.0000 0.0632
26.9000 0.0001 0.0907 0.0000 -0.0198
27.0000 0.0001 0.3353 0.0000 0.0859
27.1000 0.0000 0.0782 0.0000 0.1316
27.2000 0.0000 0.1750 0.0000 -0.0163
27.3000 0.0000 -0.0160 0.0000 0.0508
27.4000 0.0000 -0.3421 0.0000 -0.0224
27.5000 0.0000 -0.2780 0.0000 -0.0568
27.6000 0.0000 -0.3938 0.0000 -0.0785
27.7000 0.0000 -0.2156 0.0000 -0.0290
27.8000 0.0000 0.1644 0.0000 -0.0802
27.9000 0.0000 -0.3803 0.0000 0.0802
28.0000 0.0000 0.0186 0.0000 0.0409
28.1000 0.0000 -0.0005 0.0000 0.0762
28.2000 0.0000 -0.3268 0.0000 -0.0205
28.3000 0.0000 0.5980 0.0000 0.0614
28.4000 0.0000 0.5271 0.0000 -0.1135
28.5000 0.0000 0.1652 0.0000 0.0906
28.6000 0.0000 0.6590 0.0000 -0.0227
28.7000 0.0000 0.4740 0.0000 0.0085
28.8000 0.0000 -0.0964 0.0000 0.1737
28.9000 0.0000 -0.0045 0.0000 0.1041
29.0000 0.0000 -0.0048 0.0000 0.2035
29.1000 0.0000 0.2676 0.0000 -0.1239
29.2000 0.0000 0.3098 0.0000 0.0529
29.3000 0.0000 -0.2795 0.0000 -0.0431
29.4000 0.0000 0.0597 0.0000 -0.0794
29.5000 0.0000 0.1151 0.0000 -0.0251
29.6000 0.0000 0.2170 0.0000 -0.0240
29.7000 0.0000 -0.2657 0.0000 -0.1885
29.8000 0.0000 -0.1770 0.0000 0.1317
29.9000 0.0000 0.4253 0.0000 -0.3094
30.0000 0.6883 0.4582 0.0000 0.0215
30.1000 0.8368 0.7365 0.0000 -0.3156
30.2000 1.0074 1.1902 0.0000 0.1025
30.3000 1.2009 1.8580 0.0000 -0.0597
30.4000 1.4174 1.4228 0.0000 -0.2273
30.5000 1.6566 1.5112 0.0000 -0.1669
30.6000 1.9172 1.4978 0.0000 0.1086
30.7000 2.1971 1.7030 0.0000 -0.0322
30.8000 2.4933 2.5227 0.0000 0.0696
30.9000 2.8020 2.2005 0.0000 0.1647
31.0000 3.1183 3.4567 0.0000 -0.0843
31.1000 3.4370 3.5847 0.0000 0.1426
31.2000 3.7519 3.7138 0.0000 -0.1297
31.3000 4.0567 4.0955 0.0000 0.1534
31.4000 4.3448 4.1092 0.0000 0.1634
31.5000 4.6097 4.4515 0.0000 0.0521
31.6000 4.8454 4.8822 0.0000 -0.0426
31.7000 5.0468 4.7709 0.0000 -0.0019
31.8000 5.2092 5.1469 0.0000 -0.0070
31.9000 5.3296 5.1779 0.0000 -0.1263
32.0000 5.4060 5.3205 0.0000 -0.1305
32.1000 5.4379 5.7709 0.0000 0.0085
32.2000 5.4264 5.7194 0.0000 0.0576
32.3000 5.3737 5.7137 0.0000 -0.1977
32.4000 5.2835 5.1046 0.0000 -0.0584
32.5000 5.1605 5.5987 0.0000 0.1795
32.6000 5.0105 4.4431 0.0000 0.0903
32.7000 4.8395 4.7600 0.0000 0.0749
32.8000 4.6541 4.2211 0.0000 -0.1807
32.9000 4.4608 4.4976 0.0000 -0.0304
33.0000 4.2660 4.4151 0.0000 0.0611
33.1000 4.0754 4.1874 0.0000 -0.0748
33.2000 3.8940 4.0313 0.0000 0.0797
33.3000 3.7262 3.6853 0.0000 -0.0553
33.4000 3.5750 3.3497 0.0000 -0.1527
33.5000 3.4429 3.1220 0.0000 -0.1145
33.6000 3.3309 3.2382 0.0000 0.0163
33.7000 3.2395 2.5724 0.0000 -0.0801
33.8000 3.1679 3.0886 0.0000 0.0440
33.9000 3.1151 2.9457 0.0000 0.0195
34.0000 3.0789 2.9301 0.0000 -0.0291
34.1000 3.0571 2.7579 0.0000 -0.0654
34.2000 3.0469 3.2228 0.0000 -0.0798
34.3000 3.0455 3.2461 0.0000 -0.0561
34.4000 3.0500 3.5549 0.0000 0.1412
34.5000 3.0576 3.2541 0.0000 0.0082
34.6000 3.0654 3.4472 0.0000 0.0257
34.7000 3.0712 2.5123 0.0000 -0.0778
34.8000 3.0727 2.8178 0.0000 0.0203
34.9000 3.0679 2.9467 0.0000 0.0869
35.0000 3.0555 3.1232 1.0000 1.0714
35.1000 3.0343 2.5110 1.0000 0.9717
35.2000 3.0033 2.8324 1.0000 1.1497
35.3000 2.9622 2.6904 1.0000 1.1356
35.4000 2.9107 2.6068 1.0000 1.0129
35.5000 2.8488 3.0540 1.0000 1.3442
35.6000 2.7770 2.6889 1.0000 1.1066
35.7000 2.6958 3.2042 1.0000 1.0230
35.8000 2.6059 2.8880 1.0000 1.0082
35.9000 2.5083 3.3250 1.0000 1.0171
36.0000 2.4039 2.3159 1.0000 0.7453
36.1000 2.2938 2.4543 1.0000 1.1234
36.2000 2.1792 2.4115 1.0000 0.9031
36.3000 2.0612 1.9066 1.0000 1.0424
36.4000 1.9410 1.3465 1.0000 0.9511
36.5000 1.8198 1.6212 1.0000 0.9804
36.6000 1.6986 1.6378 1.0000 0.9332
36.7000 1.5784 1.4347 1.0000 1.1171
36.8000 1.4603 1.4280 1.0000 0.7994
36.9000 1.3450 1.3656 1.0000 0.9485
37.0000 1.2334 0.6866 1.0000 1.0387
37.1000 1.1259 0.8967 1.0000 1.0551
37.2000 1.0233 0.9020 1.0000 0.9244
37.3000 0.9259 1.4322 1.0000 1.0648
37.4000 0.8341 0.4073 1.0000 0.9220
37.5000 0.7481 0.7908 1.0000 0.9552
37.6000 0.6679 0.7850 1.0000 0.9433
37.7000 0.5937 0.5769 1.0000 1.0907
37.8000 0.5254 0.1786 1.0000 1.0175
37.9000 0.4629 0.2905 1.0000 0.9898
38.0000 0.4060 0.1849 1.0000 1.0813
38.1000 0.3545 0.1700 1.0000 1.0809
38.2000 0.3082 0.4705 1.0000 0.9523
38.3000 0.2668 0.0492 1.0000 0.9891
38.4000 0.2299 0.4118 1.0000 0.8651
38.5000 0.1972 0.3448 1.0000 1.2180
38.6000 0.1684 0.1418 1.0000 1.0858
38.7000 0.1432 0.1380 1.0000 0.9759
38.8000 0.1212 0.3241 1.0000 0.9324
38.9000 0.1021 -0.3226 1.0000 1.0218
39.0000 0.0857 -0.6084 1.0000 0.8908
39.1000 0.0716 -0.0358 1.0000 0.9330
39.2000 0.0595 0.0639 1.0000 0.8749
39.3000 0.0493 0.0737 1.0000 0.8158
39.4000 0.0406 0.1845 1.0000 1.0703
39.5000 0.0333 0.2127 1.0000 1.0989
39.6000 0.0272 -0.3371 1.0000 1.0764
39.7000 0.0221 -0.0032 1.0000 0.9547
39.8000 0.0179 -0.7814 1.0000 0.9876
39.9000 0.0145 0.3524 1.0000 0.9624
40.0000 0.0116 0.2490 0.0000 0.0305
40.1000 0.0093 -0.3532 0.0000 0.0958
40.2000 0.0074 0.5915 0.0000 -0.1396
40.3000 0.0058 -0.2210 0.0000 0.0945
40.4000 0.0046 0.0769 0.0000 -0.0909
40.5000 0.0036 0.0611 0.0000 -0.2778
40.6000 0.0028 0.1471 0.0000 0.2271
40.7000 0.0022 -0.3301 0.0000 0.0481
40.8000 0.0017 0.1267 0.0000 -0.1314
40.9000 0.0013 0.1200 0.0000 0.0315
41.0000 0.0010 0.2831 0.0000 -0.1535
41.1000 0.0008 0.1137 0.0000 0.0721
41.2000 0.0006 0.2043 0.0000 -0.0001
41.3000 0.0004 -0.0408 0.0000 0.0503
41.4000 0.0003 -0.1547 0.0000 0.0361
41.5000 0.0003 0.0115 0.0000 -0.0349
41.6000 0.0002 0.2010 0.0000 0.0055
41.7000 0.0001 0.1169 0.0000 0.0236
41.8000 0.0001 0.3692 0.0000 0.1091
41.9000 0.0001 0.0907 0.0000 0.1112
42.0000 0.0001 0.3353 0.0000 -0.0402
42.1000 0.0000 0.0782 0.0000 -0.0818
42.2000 0.0000 0.1750 0.0000 -0.0711
42.3000 0.0000 -0.0160 0.0000 0.0353
42.4000 0.0000 -0.3421 0.0000 0.0284
42.5000 0.0000 -0.2780 0.0000 0.0245
42.6000 0.0000 -0.3938 0.0000 0.1804
42.7000 0.0000 -0.2156 0.0000 0.1542
42.8000 0.0000 0.1644 0.0000 -0.1537
42.9000 0.0000 -0.3803 0.0000 0.0786
43.0000 0.0000 0.0186 0.0000 0.0140
43.1000 0.0000 -0.0005 0.0000 0.0259
43.2000 0.0000 -0.3268 0.0000 0.0251
43.3000 0.0000 0.5980 0.0000 0.0897
43.4000 0.0000 0.5271 0.0000 -0.1882
43.5000 0.0000 0.1652 0.0000 0.1288
43.6000 0.0000 0.6590 0.0000 0.0903
43.7000 0.0000 0.4740 0.0000 -0.1619
43.8000 0.0000 -0.0964 0.0000 0.0987
43.9000 0.0000 -0.0045 0.0000 0.1367
44.0000 0.0000 -0.0048 0.0000 -0.0888
44.1000 0.0000 0.2676 0.0000 -0.0046
44.2000 0.0000 0.3098 0.0000 -0.0599
44.3000 0.0000 -0.2795 0.0000 0.0425
44.4000 0.0000 0.0597 0.0000 -0.1716
44.5000 0.0000 0.1151 0.0000 0.0484
44.6000 0.0000 0.2170 0.0000 -0.0728
44.7000 0.0000 -0.2657 0.0000 0.0673
44.8000 0.0000 -0.1770 0.0000 -0.0883
44.9000 0.0000 0.4253 0.0000 -0.1766
45.0000 0.6883 0.4582 0.0000 -0.0054
45.1000 0.8368 0.7365 0.0000 0.1000
45.2000 1.0074 1.1902 0.0000 0.0562
45.3000 1.2009 1.8580 0.0000 -0.0296
45.4000 1.4174 1.4228 0.0000 -0.2692
45.5000 1.6566 1.5112 0.0000 0.3083
45.6000 1.9172 1.4978 0.0000 0.0405
45.7000 2.1971 1.7030 0.0000 -0.0099
45.8000 2.4933 2.5227 0.0000 -0.0284
45.9000 2.8020 2.2005 0.0000 0.0287
46.0000 3.1183 3.4567 0.0000 0.0945
46.1000 3.4370 3.5847 0.0000 0.0089
46.2000 3.7519 3.7138 0.0000 -0.0643
46.3000 4.0567 4.0955 0.0000 -0.0568
46.4000 4.3448 4.1092 0.0000 -0.2251
46.5000 4.6097 4.4515 0.0000 0.0405
46.6000 4.8454 4.8822 0.0000 0.0495
46.7000 5.0468 4.7709 0.0000 -0.0098
46.8000 5.2092 5.1469 0.0000 0.1428
46.9000 5.3296 5.1779 0.0000 -0.0370
47.0000 5.4060 5.3205 0.0000 0.0064
47.1000 5.4379 5.7709 0.0000 0.1278
47.2000 5.4264 5.7194 0.0000 -0.0812
47.3000 5.3737 5.7137 0.0000 0.0737
47.4000 5.2835 5.1046 0.0000 0.0295
47.5000 5.1605 5.5987 0.0000 0.1327
47.6000 5.0105 4.4431 0.0000 0.0425
47.7000 4.8395 4.7600 0.0000 0.0624
47.8000 4.6541 4.2211 0.0000 -0.2607
47.9000 4.4608 4.4976 0.0000 0.1003
48.0000 4.2660 4.4151 0.0000 0.0719
48.1000 4.0754 4.1874 0.0000 0.0121
48.2000 3.8940 4.0313 0.0000 -0.0449
48.3000 3.7262 3.6853 0.0000 -0.0354
48.4000 3.5750 3.3497 0.0000 -0.1203
48.5000 3.4429 3.1220 0.0000 -0.0214
48.6000 3.3309 3.2382 0.0000 -0.0904
48.7000 3.2395 2.5724 0.0000 -0.0823
48.8000 3.1679 3.0886 0.0000 -0.0108
48.9000 3.1151 2.9457 0.0000 0.1931
49.0000 3.0789 2.9301 0.0000 0.0764
49.1000 3.0571 2.7579 0.0000 0.0233
49.2000 3.0469 3.2228 0.0000 -0.0293
49.3000 3.0455 3.2461 0.0000 -0.0510
49.4000 3.0500 3.5549 0.0000 0.0878
49.5000 3.0576 3.2541 0.0000 -0.1101
49.6000 3.0654 3.4472 0.0000 0.1754
49.7000 3.0712 2.5123 0.0000 -0.0104
49.8000 3.0727 2.8178 0.0000 0.0623
49.9000 3.0679 2.9467 0.0000 0.0104
50.0000 3.0555 3.1232 1.0000 0.7145
50.1000 3.0343 2.5110 1.0000 1.0112
50.2000 3.0033 2.8324 1.0000 0.8854
50.3000 2.9622 2.6904 1.0000 0.8859
50.4000 2.9107 2.6068 1.0000 1.1021
50.5000 2.8488 3.0540 1.0000 1.1362
50.6000 2.7770 2.6889 1.0000 0.9555
50.7000 2.6958 3.2042 1.0000 0.9828
50.8000 2.6059 2.8880 1.0000 0.9898
50.9000 2.5083 3.3250 1.0000 1.0428
51.0000 2.4039 2.3159 1.0000 0.9915
51.1000 2.2938 2.4543 1.0000 1.0396
51.2000 2.1792 2.4115 1.0000 0.9017
51.3000 2.0612 1.9066 1.0000 1.0167
51.4000 1.9410 1.3465 1.0000 1.0877
51.5000 1.8198 1.6212 1.0000 1.1358
51.6000 1.6986 1.6378 1.0000 0.9113
51.7000 1.5784 1.4347 1.0000 0.9782
51.8000 1.4603 1.4280 1.0000 1.0795
51.9000 1.3450 1.3656 1.0000 0.9811
52.0000 1.2334 0.6866 1.0000 0.9984
52.1000 1.1259 0.8967 1.0000 1.0073
52.2000 1.0233 0.9020 1.0000 0.9853
52.3000 0.9259 1.4322 1.0000 1.0337
52.4000 0.8341 0.4073 1.0000 0.9787
52.5000 0.7481 0.7908 1.0000 1.0024
52.6000 0.6679 0.7850 1.0000 0.9821
52.7000 0.5937 0.5769 1.0000 0.8569
52.8000 0.5254 0.1786 1.0000 1.0721
52.9000 0.4629 0.2905 1.0000 0.8492
53.0000 0.4060 0.1849 1.0000 1.1180
53.1000 0.3545 0.1700 1.0000 1.1094
53.2000 0.3082 0.4705 1.0000 1.0408
53.3000 0.2668 0.0492 1.0000 0.8748
53.4000 0.2299 0.4118 1.0000 1.0347
53.5000 0.1972 0.3448 1.0000 0.8791
53.6000 0.1684 0.1418 1.0000 1.1107
53.7000 0.1432 0.1380 1.0000 1.1705
53.8000 0.1212 0.3241 1.0000 1.0045
53.9000 0.1021 -0.3226 1.0000 1.0737
54.0000 0.0857 -0.6084 1.0000 1.1360
54.1000 0.0716 -0.0358 1.0000 0.9659
54.2000 0.0595 0.0639 1.0000 1.0481
54.3000 0.0493 0.0737 1.0000 0.8954
54.4000 0.0406 0.1845 1.0000 1.1012
54.5000 0.0333 0.2127 1.0000 0.9027
54.6000 0.0272 -0.3371 1.0000 0.9670
54.7000 0.0221 -0.0032 1.0000 0.8954
54.8000 0.0179 -0.7814 1.0000 0.9730
54.9000 0.0145 0.3524 1.0000 1.1992
55.0000 0.0116 0.2490 0.0000 0.0197
55.1000 0.0093 -0.3532 0.0000 0.1198
55.2000 0.0074 0.5915 0.0000 0.0998
55.3000 0.0058 -0.2210 0.0000 -0.1518
55.4000 0.0046 0.0769 0.0000 0.0506
55.5000 0.0036 0.0611 0.0000 -0.1500
55.6000 0.0028 0.1471 0.0000 -0.1300
55.7000 0.0022 -0.3301 0.0000 0.0344
55.8000 0.0017 0.1267 0.0000 0.0799
55.9000 0.0013 0.1200 0.0000 0.0413
56.0000 0.0010 0.2831 0.0000 0.1778
56.1000 0.0008 0.1137 0.0000 -0.0789
56.2000 0.0006 0.2043 0.0000 -0.0824
56.3000 0.0004 -0.0408 0.0000 0.1075
56.4000 0.0003 -0.1547 0.0000 0.1630
56.5000 0.0003 0.0115 0.0000 0.0644
56.6000 0.0002 0.2010 0.0000 -0.1107
56.7000 0.0001 0.1169 0.0000 0.1413
56.8000 0.0001 0.3692 0.0000 -0.0980
56.9000 0.0001 0.0907 0.0000 -0.1089
57.0000 0.0001 0.3353 0.0000 0.1222
57.1000 0.0000 0.0782 0.0000 -0.0140
57.2000 0.0000 0.1750 0.0000 -0.0049
57.3000 0.0000 -0.0160 0.0000 0.0537
57.4000 0.0000 -0.3421 0.0000 0.1506
57.5000 0.0000 -0.2780 0.0000 0.1411
57.6000 0.0000 -0.3938 0.0000 0.0359
57.7000 0.0000 -0.2156 0.0000 -0.1745
57.8000 0.0000 0.1644 0.0000 -0.1360
57.9000 0.0000 -0.3803 0.0000 0.0002
58.0000 0.0000 0.0186 0.0000 -0.1417
58.1000 0.0000 -0.0005 0.0000 -0.1400
58.2000 0.0000 -0.3268 0.0000 -0.0458
58.3000 0.0000 0.5980 0.0000 -0.0594
58.4000 0.0000 0.5271 0.0000 -0.1142
58.5000 0.0000 0.1652 0.0000 0.2314
58.6000 0.0000 0.6590 0.0000 -0.0578
58.7000 0.0000 0.4740 0.0000 -0.0368
58.8000 0.0000 -0.0964 0.0000 -0.0591
58.9000 0.0000 -0.0045 0.0000 0.1574
59.0000 0.0000 -0.0048 0.0000 -0.1413
59.1000 0.0000 0.2676 0.0000 0.1347
59.2000 0.0000 0.3098 0.0000 0.0284
59.3000 0.0000 -0.2795 0.0000 0.0915
59.4000 0.0000 0.0597 0.0000 0.0382
59.5000 0.0000 0.1151 0.0000 0.1365
59.6000 0.0000 0.2170 0.0000 -0.0388
59.7000 0.0000 -0.2657 0.0000 0.0597
59.8000 0.0000 -0.1770 0.0000 0.0085
59.9000 0.0000 0.4253 0.0000 0.0535
60.0000 0.6883 0.4582 0.0000 0.0572
60.1000 0.8368 0.7365 0.0000 -0.0740
60.2000 1.0074 1.1902 0.0000 0.1189
60.3000 1.2009 1.8580 0.0000 0.0452
60.4000 1.4174 1.4228 0.0000 -0.0032
60.5000 1.6566 1.5112 0.0000 -0.0496
60.6000 1.9172 1.4978 0.0000 -0.0965
60.7000 2.1971 1.7030 0.0000 -0.1295
60.8000 2.4933 2.5227 0.0000 0.0740
60.9000 2.8020 2.2005 0.0000 0.0826
61.0000 3.1183 3.4567 0.0000 -0.0100
61.1000 3.4370 3.5847 0.0000 0.0069
61.2000 3.7519 3.7138 0.0000 -0.0998
61.3000 4.0567 4.0955 0.0000 0.0118
61.4000 4.3448 4.1092 0.0000 0.0423
61.5000 4.6097 4.4515 0.0000 0.0401
61.6000 4.8454 4.8822 0.0000 -0.2273
61.7000 5.0468 4.7709 0.0000 0.0399
61.8000 5.2092 5.1469 0.0000 0.0321
61.9000 5.3296 5.1779 0.0000 0.0019
62.0000 5.4060 5.3205 0.0000 -0.0978
62.1000 5.4379 5.7709 0.0000 0.0093
62.2000 5.4264 5.7194 0.0000 0.0362
62.3000 5.3737 5.7137 0.0000 0.0177
62.4000 5.2835 5.1046 0.0000 -0.1303
62.5000 5.1605 5.5987 0.0000 -0.0856
62.6000 5.0105 4.4431 0.0000 0.0296
62.7000 4.8395 4.7600 0.0000 0.1048
62.8000 4.6541 4.2211 0.0000 -0.0282
62.9000 4.4608 4.4976 0.0000 -0.0452
63.0000 4.2660 4.4151 0.0000 -0.1430
63.1000 4.0754 4.1874 0.0000 0.0291
63.2000 3.8940 4.0313 0.0000 0.0146
63.3000 3.7262 3.6853 0.0000 0.1006
63.4000 3.5750 3.3497 0.0000 -0.0500
63.5000 3.4429 3.1220 0.0000 0.0492
63.6000 3.3309 3.2382 0.0000 0.1265
63.7000 3.2395 2.5724 0.0000 0.0963
63.8000 3.1679 3.0886 0.0000 0.0051
63.9000 3.1151 2.9457 0.0000 0.0272
64.0000 3.0789 2.9301 0.0000 0.1242
64.1000 3.0571 2.7579 0.0000 0.1017
64.2000 3.0469 3.2228 0.0000 0.0005
64.3000 3.0455 3.2461 0.0000 -0.1869
64.4000 3.0500 3.5549 0.0000 0.0169
64.5000 3.0576 3.2541 0.0000 0.1516
64.6000 3.0654 3.4472 0.0000 -0.1434
64.7000 3.0712 2.5123 0.0000 -0.0747
64.8000 3.0727 2.8178 0.0000 -0.0865
64.9000 3.0679 2.9467 0.0000 0.0386
65.0000 3.0555 3.1232 1.0000 0.9999
65.1000 3.0343 2.5110 1.0000 1.1409
65.2000 3.0033 2.8324 1.0000 0.9960
65.3000 2.9622 2.6904 1.0000 0.9236
65.4000 2.9107 2.6068 1.0000 1.1626
65.5000 2.8488 3.0540 1.0000 0.8152
65.6000 2.7770 2.6889 1.0000 1.1645
65.7000 2.6958 3.2042 1.0000 0.9530
65.8000 2.6059 2.8880 1.0000 1.0983
65.9000 2.5083 3.3250 1.0000 0.9862
66.0000 2.4039 2.3159 1.0000 1.0883
66.1000 2.2938 2.4543 1.0000 0.8321
66.2000 2.1792 2.4115 1.0000 0.8999
66.3000 2.0612 1.9066 1.0000 0.9177
66.4000 1.9410 1.3465 1.0000 0.9822
66.5000 1.8198 1.6212 1.0000 1.1227
66.6000 1.6986 1.6378 1.0000 1.0653
66.7000 1.5784 1.4347 1.0000 1.1163
66.8000 1.4603 1.4280 1.0000 0.9356
66.9000 1.3450 1.3656 1.0000 0.8762
67.0000 1.2334 0.6866 1.0000 1.0907
67.1000 1.1259 0.8967 1.0000 1.0658
67.2000 1.0233 0.9020 1.0000 0.9821
67.3000 0.9259 1.4322 1.0000 0.9611
67.4000 0.8341 0.4073 1.0000 0.9240
67.5000 0.7481 0.7908 1.0000 0.8985
67.6000 0.6679 0.7850 1.0000 0.8615
67.7000 0.5937 0.5769 1.0000 1.0493
67.8000 0.5254 0.1786 1.0000 0.8897
67.9000 0.4629 0.2905 1.0000 1.1948
68.0000 0.4060 0.1849 1.0000 1.0860
68.1000 0.3545 0.1700 1.0000 1.1764
68.2000 0.3082 0.4705 1.0000 0.8225
68.3000 0.2668 0.0492 1.0000 1.0307
68.4000 0.2299 0.4118 1.0000 1.0271
68.5000 0.1972 0.3448 1.0000 0.8234
68.6000 0.1684 0.1418 1.0000 0.7622
68.7000 0.1432 0.1380 1.0000 1.1676
68.8000 0.1212 0.3241 1.0000 1.0336
68.9000 0.1021 -0.3226 1.0000 0.7592
69.0000 0.0857 -0.6084 1.0000 0.9955
69.1000 0.0716 -0.0358 1.0000 0.9330
69.2000 0.0595 0.0639 1.0000 0.9207
69.3000 0.0493 0.0737 1.0000 0.8996
69.4000 0.0406 0.1845 1.0000 0.8406
69.5000 0.0333 0.2127 1.0000 1.0997
69.6000 0.0272 -0.3371 1.0000 1.1891
69.7000 0.0221 -0.0032 1.0000 0.9091
69.8000 0.0179 -0.7814 1.0000 0.9405
69.9000 0.0145 0.3524 1.0000 0.7986
70.0000 0.0116 0.2490 0.0000 0.0310
70.1000 0.0093 -0.3532 0.0000 0.2282
70.2000 0.0074 0.5915 0.0000 0.0877
70.3000 0.0058 -0.2210 0.0000 -0.0390
70.4000 0.0046 0.0769 0.0000 0.0823
70.5000 0.0036 0.0611 0.0000 0.0366
70.6000 0.0028 0.1471 0.0000 0.0943
70.7000 0.0022 -0.3301 0.0000 -0.0668
70.8000 0.0017 0.1267 0.0000 0.0910
70.9000 0.0013 0.1200 0.0000 -0.0662
71.0000 0.0010 0.2831 0.0000 0.0756
71.1000 0.0008 0.1137 0.0000 -0.0931
71.2000 0.0006 0.2043 0.0000 0.0916
71.3000 0.0004 -0.0408 0.0000 -0.2471
71.4000 0.0003 -0.1547 0.0000 -0.1152
71.5000 0.0003 0.0115 0.0000 0.0110
71.6000 0.0002 0.2010 0.0000 -0.2132
71.7000 0.0001 0.1169 0.0000 -0.0313
71.8000 0.0001 0.3692 0.0000 0.0829
71.9000 0.0001 0.0907 0.0000 -0.1423
72.0000 0.0001 0.3353 0.0000 0.1457
72.1000 0.0000 0.0782 0.0000 -0.0312
72.2000 0.0000 0.1750 0.0000 0.0462
72.3000 0.0000 -0.0160 0.0000 0.0669
72.4000 0.0000 -0.3421 0.0000 0.0159
72.5000 0.0000 -0.2780 0.0000 0.0485
72.6000 0.0000 -0.3938 0.0000 -0.0120
72.7000 0.0000 -0.2156 0.0000 0.0848
72.8000 0.0000 0.1644 0.0000 -0.0219
72.9000 0.0000 -0.3803 0.0000 -0.0431
73.0000 0.0000 0.0186 0.0000 0.0426
73.1000 0.0000 -0.0005 0.0000 -0.0674
73.2000 0.0000 -0.3268 0.0000 -0.0218
73.3000 0.0000 0.5980 0.0000 0.0395
73.4000 0.0000 0.5271 0.0000 -0.0876
73.5000 0.0000 0.1652 0.0000 0.3233
73.6000 0.0000 0.6590 0.0000 0.0452
73.7000 0.0000 0.4740 0.0000 -0.0523
73.8000 0.0000 -0.0964 0.0000 -0.0815
73.9000 0.0000 -0.0045 0.0000 -0.0174
74.0000 0.0000 -0.0048 0.0000 -0.1473
74.1000 0.0000 0.2676 0.0000 0.2810
74.2000 0.0000 0.3098 0.0000 -0.1388
74.3000 0.0000 -0.2795 0.0000 -0.1603
74.4000 0.0000 0.0597 0.0000 0.0365
74.5000 0.0000 0.1151 0.0000 -0.0732
74.6000 0.0000 0.2170 0.0000 0.0841
74.7000 0.0000 -0.2657 0.0000 -0.1141
74.8000 0.0000 -0.1770 0.0000 -0.2373
74.9000 0.0000 0.4253 0.0000 -0.0607
75.0000 0.6883 0.4582 0.0000 -0.0946
75.1000 0.8368 0.7365 0.0000 0.1165
75.2000 1.0074 1.1902 0.0000 -0.0631
75.3000 1.2009 1.8580 0.0000 0.0515
75.4000 1.4174 1.4228 0.0000 -0.0689
75.5000 1.6566 1.5112 0.0000 0.0012
75.6000 1.9172 1.4978 0.0000 0.0360
75.7000 2.1971 1.7030 0.0000 0.1460
75.8000 2.4933 2.5227 0.0000 -0.1024
75.9000 2.8020 2.2005 0.0000 -0.0993
76.0000 3.1183 3.4567 0.0000 -0.1289
76.1000 3.4370 3.5847 0.0000 -0.0942
76.2000 3.7519 3.7138 0.0000 0.1137
76.3000 4.0567 4.0955 0.0000 -0.0901
76.4000 4.3448 4.1092 0.0000 -0.2274
76.5000 4.6097 4.4515 0.0000 -0.0203
76.6000 4.8454 4.8822 0.0000 0.0337
76.7000 5.0468 4.7709 0.0000 0.0848
76.8000 5.2092 5.1469 0.0000 0.0721
76.9000 5.3296 5.1779 0.0000 -0.0036
77.0000 5.4060 5.3205 0.0000 0.0321
77.1000 5.4379 5.7709 0.0000 0.0781
77.2000 5.4264 5.7194 0.0000 0.0348
77.3000 5.3737 5.7137 0.0000 -0.0417
77.4000 5.2835 5.1046 0.0000 -0.0635
77.5000 5.1605 5.5987 0.0000 -0.2001
77.6000 5.0105 4.4431 0.0000 -0.0197
77.7000 4.8395 4.7600 0.0000 -0.1422
77.8000 4.6541 4.2211 0.0000 0.1394
77.9000 4.4608 4.4976 0.0000 -0.1497
78.0000 4.2660 4.4151 0.0000 0.1880
78.1000 4.0754 4.1874 0.0000 0.0283
78.2000 3.8940 4.0313 0.0000 -0.0103
78.3000 3.7262 3.6853 0.0000 -0.2207
78.4000 3.5750 3.3497 0.0000 0.0323
78.5000 3.4429 3.1220 0.0000 0.0512
78.6000 3.3309 3.2382 0.0000 0.1384
78.7000 3.2395 2.5724 0.0000 0.0520
78.8000 3.1679 3.0886 0.0000 -0.1054
78.9000 3.1151 2.9457 0.0000 0.1201
79.0000 3.0789 2.9301 0.0000 -0.0512
79.1000 3.0571 2.7579 0.0000 0.0520
79.2000 3.0469 3.2228 0.0000 -0.1050
79.3000 3.0455 3.2461 0.0000 -0.0269
79.4000 3.0500 3.5549 0.0000 -0.1484
79.5000 3.0576 3.2541 0.0000 0.0541
79.6000 3.0654 3.4472 0.0000 -0.0728
79.7000 3.0712 2.5123 0.0000 0.0560
79.8000 3.0727 2.8178 0.0000 -0.0875
79.9000 3.0679 2.9467 0.0000 -0.0828
80.0000 3.0555 3.1232 1.0000 1.0019
80.1000 3.0343 2.5110 1.0000 0.8969
80.2000 3.0033 2.8324 1.0000 1.0430
80.3000 2.9622 2.6904 1.0000 1.0738
80.4000 2.9107 2.6068 1.0000 1.1820
80.5000 2.8488 3.0540 1.0000 1.1322
80.6000 2.7770 2.6889 1.0000 0.7554
80.7000 2.6958 3.2042 1.0000 0.8149
80.8000 2.6059 2.8880 1.0000 1.0175
80.9000 2.5083 3.3250 1.0000 1.0428
81.0000 2.4039 2.3159 1.0000 1.0656
81.1000 2.2938 2.4543 1.0000 0.9948
81.2000 2.1792 2.4115 1.0000 1.1064
81.3000 2.0612 1.9066 1.0000 1.0860
81.4000 1.9410 1.3465 1.0000 0.9207
81.5000 1.8198 1.6212 1.0000 1.0305
81.6000 1.6986 1.6378 1.0000 1.1690
81.7000 1.5784 1.4347 1.0000 1.0306
81.8000 1.4603 1.4280 1.0000 0.9596
81.9000 1.3450 1.3656 1.0000 0.9883
82.0000 1.2334 0.6866 1.0000 1.0831
82.1000 1.1259 0.8967 1.0000 0.9815
82.2000 1.0233 0.9020 1.0000 0.9536
82.3000 0.9259 1.4322 1.0000 0.9729
82.4000 0.8341 0.4073 1.0000 0.8178
82.5000 0.7481 0.7908 1.0000 0.7717
82.6000 0.6679 0.7850 1.0000 0.8243
82.7000 0.5937 0.5769 1.0000 0.8718
82.8000 0.5254 0.1786 1.0000 1.0795
82.9000 0.4629 0.2905 1.0000 0.8720
83.0000 0.4060 0.1849 1.0000 0.9458
83.1000 0.3545 0.1700 1.0000 0.9673
83.2000 0.3082 0.4705 1.0000 1.0253
83.3000 0.2668 0.0492 1.0000 1.0773
83.4000 0.2299 0.4118 1.0000 1.1586
83.5000 0.1972 0.3448 1.0000 1.0945
83.6000 0.1684 0.1418 1.0000 0.8683
83.7000 0.1432 0.1380 1.0000 0.7648
83.8000 0.1212 0.3241 1.0000 0.9896
83.9000 0.1021 -0.3226 1.0000 0.8446
84.0000 0.0857 -0.6084 1.0000 0.9066
84.1000 0.0716 -0.0358 1.0000 1.0795
84.2000 0.0595 0.0639 1.0000 1.0562
84.3000 0.0493 0.0737 1.0000 1.0720
84.4000 0.0406 0.1845 1.0000 0.9028
84.5000 0.0333 0.2127 1.0000 1.0381
84.6000 0.0272 -0.3371 1.0000 0.9756
84.7000 0.0221 -0.0032 1.0000 0.9644
84.8000 0.0179 -0.7814 1.0000 1.0678
84.9000 0.0145 0.3524 1.0000 0.9073
85.0000 0.0116 0.2490 0.0000 0.2036
85.1000 0.0093 -0.3532 0.0000 0.2156
85.2000 0.0074 0.5915 0.0000 -0.0165
85.3000 0.0058 -0.2210 0.0000 -0.0519
85.4000 0.0046 0.0769 0.0000 -0.0508
85.5000 0.0036 0.0611 0.0000 0.0848
85.6000 0.0028 0.1471 0.0000 -0.1098
85.7000 0.0022 -0.3301 0.0000 -0.1543
85.8000 0.0017 0.1267 0.0000 0.0605
85.9000 0.0013 0.1200 0.0000 -0.0357
86.0000 0.0010 0.2831 0.0000 0.0923
86.1000 0.0008 0.1137 0.0000 0.0120
86.2000 0.0006 0.2043 0.0000 0.0230
86.3000 0.0004 -0.0408 0.0000 0.0252
86.4000 0.0003 -0.1547 0.0000 0.0018
86.5000 0.0003 0.0115 0.0000 0.0811
86.6000 0.0002 0.2010 0.0000 0.2159
86.7000 0.0001 0.1169 0.0000 0.0208
86.8000 0.0001 0.3692 0.0000 0.0232
86.9000 0.0001 0.0907 0.0000 -0.0026
87.0000 0.0001 0.3353 0.0000 0.0137
87.1000 0.0000 0.0782 0.0000 -0.1468
87.2000 0.0000 0.1750 0.0000 0.0233
87.3000 0.0000 -0.0160 0.0000 0.0673
87.4000 0.0000 -0.3421 0.0000 -0.0345
87.5000 0.0000 -0.2780 0.0000 0.0233
87.6000 0.0000 -0.3938 0.0000 -0.0183
87.7000 0.0000 -0.2156 0.0000 0.0087
87.8000 0.0000 0.1644 0.0000 -0.1844
87.9000 0.0000 -0.3803 0.0000 0.0813
88.0000 0.0000 0.0186 0.0000 0.0250
88.1000 0.0000 -0.0005 0.0000 0.1350
88.2000 0.0000 -0.3268 0.0000 0.0182
88.3000 0.0000 0.5980 0.0000 0.0989
88.4000 0.0000 0.5271 0.0000 0.1530
88.5000 0.0000 0.1652 0.0000 0.0714
88.6000 0.0000 0.6590 0.0000 0.1449
88.7000 0.0000 0.4740 0.0000 0.0155
88.8000 0.0000 -0.0964 0.0000 0.1147
88.9000 0.0000 -0.0045 0.0000 -0.2389
89.0000 0.0000 -0.0048 0.0000 -0.1136
89.1000 0.0000 0.2676 0.0000 -0.1982
89.2000 0.0000 0.3098 0.0000 0.0229
89.3000 0.0000 -0.2795 0.0000 0.0631
89.4000 0.0000 0.0597 0.0000 -0.1366
89.5000 0.0000 0.1151 0.0000 -0.0089
89.6000 0.0000 0.2170 0.0000 0.0867
89.7000 0.0000 -0.2657 0.0000 0.0929
89.8000 0.0000 -0.1770 0.0000 0.1834
89.9000 0.0000 0.4253 0.0000 0.1228
90.0000 0.6883 0.4582 0.0000 -0.0767
90.1000 0.8368 0.7365 0.0000 -0.0081
90.2000 1.0074 1.1902 0.0000 -0.1170
90.3000 1.2009 1.8580 0.0000 -0.1212
90.4000 1.4174 1.4228 0.0000 0.1781
90.5000 1.6566 1.5112 0.0000 0.1685
90.6000 1.9172 1.4978 0.0000 0.1521
90.7000 2.1971 1.7030 0.0000 -0.1073
90.8000 2.4933 2.5227 0.0000 0.1454
90.9000 2.8020 2.2005 0.0000 0.1484
91.0000 3.1183 3.4567 0.0000 -0.0111
91.1000 3.4370 3.5847 0.0000 0.0392
91.2000 3.7519 3.7138 0.0000 0.0416
91.3000 4.0567 4.0955 0.0000 0.0961
91.4000 4.3448 4.1092 0.0000 0.0350
91.5000 4.6097 4.4515 0.0000 0.0686
91.6000 4.8454 4.8822 0.0000 -0.1859
91.7000 5.0468 4.7709 0.0000 -0.0804
91.8000 5.2092 5.1469 0.0000 0.0321
91.9000 5.3296 5.1779 0.0000 0.1069
92.0000 5.4060 5.3205 0.0000 0.0062
92.1000 5.4379 5.7709 0.0000 -0.0014
92.2000 5.4264 5.7194 0.0000 0.0980
92.3000 5.3737 5.7137 0.0000 -0.1038
92.4000 5.2835 5.1046 0.0000 0.0026
92.5000 5.1605 5.5987 0.0000 0.1366
92.6000 5.0105 4.4431 0.0000 0.2256
92.7000 4.8395 4.7600 0.0000 0.0101
92.8000 4.6541 4.2211 0.0000 -0.0843
92.9000 4.4608 4.4976 0.0000 0.1156
93.0000 4.2660 4.4151 0.0000 -0.0318
93.1000 4.0754 4.1874 0.0000 0.2527
93.2000 3.8940 4.0313 0.0000 0.0379
93.3000 3.7262 3.6853 0.0000 0.1028
93.4000 3.5750 3.3497 0.0000 0.2630
93.5000 3.4429 3.1220 0.0000 -0.0030
93.6000 3.3309 3.2382 0.0000 -0.1028
93.7000 3.2395 2.5724 0.0000 -0.0927
93.8000 3.1679 3.0886 0.0000 0.0149
93.9000 3.1151 2.9457 0.0000 -0.0345
94.0000 3.0789 2.9301 0.0000 0.0846
94.1000 3.0571 2.7579 0.0000 -0.3974
94.2000 3.0469 3.2228 0.0000 -0.1707
94.3000 3.0455 3.2461 0.0000 -0.0826
94.4000 3.0500 3.5549 0.0000 0.0092
94.5000 3.0576 3.2541 0.0000 0.1819
94.6000 3.0654 3.4472 0.0000 -0.1597
94.7000 3.0712 2.5123 0.0000 0.0870
94.8000 3.0727 2.8178 0.0000 0.1114
94.9000 3.0679 2.9467 0.0000 0.0824
95.0000 3.0555 3.1232 1.0000 1.0043
95.1000 3.0343 2.5110 1.0000 1.1105
95.2000 3.0033 2.8324 1.0000 0.9536
95.3000 2.9622 2.6904 1.0000 0.8827
95.4000 2.9107 2.6068 1.0000 0.9979
95.5000 2.8488 3.0540 1.0000 0.9554
95.6000 2.7770 2.6889 1.0000 1.1580
95.7000 2.6958 3.2042 1.0000 0.8088
95.8000 2.6059 2.8880 1.0000 0.9546
95.9000 2.5083 3.3250 1.0000 1.0339
96.0000 2.4039 2.3159 1.0000 0.8924
96.1000 2.2938 2.4543 1.0000 0.9484
96.2000 2.1792 2.4115 1.0000 1.0753
96.3000 2.0612 1.9066 1.0000 0.9199
96.4000 1.9410 1.3465 1.0000 1.1730
96.5000 1.8198 1.6212 1.0000 0.9307
96.6000 1.6986 1.6378 1.0000 1.0343
96.7000 1.5784 1.4347 1.0000 0.8765
96.8000 1.4603 1.4280 1.0000 1.0571
96.9000 1.3450 1.3656 1.0000 1.1597
97.0000 1.2334 0.6866 1.0000 0.8455
97.1000 1.1259 0.8967 1.0000 1.0317
97.2000 1.0233 0.9020 1.0000 0.8268
97.3000 0.9259 1.4322 1.0000 0.9362
97.4000 0.8341 0.4073 1.0000 0.9669
97.5000 0.7481 0.7908 1.0000 1.0558
97.6000 0.6679 0.7850 1.0000 1.0212
97.7000 0.5937 0.5769 1.0000 1.1232
97.8000 0.5254 0.1786 1.0000 1.0460
97.9000 0.4629 0.2905 1.0000 1.0568
98.0000 0.4060 0.1849 1.0000 1.0317
98.1000 0.3545 0.1700 1.0000 1.1477
98.2000 0.3082 0.4705 1.0000 0.9311
98.3000 0.2668 0.0492 1.0000 0.9978
98.4000 0.2299 0.4118 1.0000 1.0082
98.5000 0.1972 0.3448 1.0000 1.1039
98.6000 0.1684 0.1418 1.0000 1.1072
98.7000 0.1432 0.1380 1.0000 1.0113
98.8000 0.1212 0.3241 1.0000 0.9136
98.9000 0.1021 -0.3226 1.0000 0.8728
99.0000 0.0857 -0.6084 1.0000 1.1328
99.1000 0.0716 -0.0358 1.0000 0.9791
99.2000 0.0595 0.0639 1.0000 0.9413
99.3000 0.0493 0.0737 1.0000 1.0439
99.4000 0.0406 0.1845 1.0000 0.9410
99.5000 0.0333 0.2127 1.0000 0.9153
99.6000 0.0272 -0.3371 1.0000 0.9981
99.7000 0.0221 -0.0032 1.0000 1.1559
99.8000 0.0179 -0.7814 1.0000 0.8151
99.9000 0.0145 0.3524 1.0000 1.0956
100.0000 0.0116 0.2490 0.0000 -0.0042
100.1000 0.0093 -0.3532 0.0000 -0.0405
100.2000 0.0074 0.5915 0.0000 -0.1015
100.3000 0.0058 -0.2210 0.0000 -0.0551
100.4000 0.0046 0.0769 0.0000 0.0232
100.5000 0.0036 0.0611 0.0000 0.2030
100.6000 0.0028 0.1471 0.0000 -0.0317
100.7000 0.0022 -0.3301 0.0000 -0.0463
100.8000 0.0017 0.1267 0.0000 0.0182
100.9000 0.0013 0.1200 0.0000 -0.0475
101.0000 0.0010 0.2831 0.0000 0.0198
101.1000 0.0008 0.1137 0.0000 -0.0220
101.2000 0.0006 0.2043 0.0000 0.0362
101.3000 0.0004 -0.0408 0.0000 -0.1006
101.4000 0.0003 -0.1547 0.0000 0.2186
101.5000 0.0003 0.0115 0.0000 -0.0608
101.6000 0.0002 0.2010 0.0000 0.0942
101.7000 0.0001 0.1169 0.0000 0.0657
101.8000 0.0001 0.3692 0.0000 -0.0250
101.9000 0.0001 0.0907 0.0000 -0.0517
102.0000 0.0001 0.3353 0.0000 -0.0174
102.1000 0.0000 0.0782 0.0000 -0.0202
102.2000 0.0000 0.1750 0.0000 0.0424
102.3000 0.0000 -0.0160 0.0000 0.0358
102.4000 0.0000 -0.3421 0.0000 0.0033
102.5000 0.0000 -0.2780 0.0000 0.0521
102.6000 0.0000 -0.3938 0.0000 -0.1871
102.7000 0.0000 -0.2156 0.0000 -0.0036
102.8000 0.0000 0.1644 0.0000 0.0802
102.9000 0.0000 -0.3803 0.0000 0.0299
103.0000 0.0000 0.0186 0.0000 -0.0389
103.1000 0.0000 -0.0005 0.0000 -0.0183
103.2000 0.0000 -0.3268 0.0000 0.2553
103.3000 0.0000 0.5980 0.0000 0.0583
103.4000 0.0000 0.5271 0.0000 -0.0008
103.5000 0.0000 0.1652 0.0000 -0.0451
103.6000 0.0000 0.6590 0.0000 0.0767
103.7000 0.0000 0.4740 0.0000 -0.0649
103.8000 0.0000 -0.0964 0.0000 0.0640
103.9000 0.0000 -0.0045 0.0000 0.0994
104.0000 0.0000 -0.0048 0.0000 0.0130
104.1000 0.0000 0.2676 0.0000 -0.0749
104.2000 0.0000 0.3098 0.0000 -0.0014
104.3000 0.0000 -0.2795 0.0000 -0.1439
104.4000 0.0000 0.0597 0.0000 0.1871
104.5000 0.0000 0.1151 0.0000 0.0784
104.6000 0.0000 0.2170 0.0000 -0.1302
104.7000 0.0000 -0.2657 0.0000 -0.0262
104.8000 0.0000 -0.1770 0.0000 -0.0880
104.9000 0.0000 0.4253 0.0000 0.0518
105.0000 0.6883 0.4582 0.0000 -0.0122
105.1000 0.8368 0.7365 0.0000 0.0797
105.2000 1.0074 1.1902 0.0000 -0.0332
105.3000 1.2009 1.8580 0.0000 -0.0210
105.4000 1.4174 1.4228 0.0000 -0.1168
105.5000 1.6566 1.5112 0.0000 0.0916
105.6000 1.9172 1.4978 0.0000 0.1109
105.7000 2.1971 1.7030 0.0000 0.0077
105.8000 2.4933 2.5227 0.0000 -0.2099
105.9000 2.8020 2.2005 0.0000 0.1278
106.0000 3.1183 3.4567 0.0000 -0.0645
106.1000 3.4370 3.5847 0.0000 -0.0510
106.2000 3.7519 3.7138 0.0000 0.0023
106.3000 4.0567 4.0955 0.0000 -0.0254
106.4000 4.3448 4.1092 0.0000 -0.1208
106.5000 4.6097 4.4515 0.0000 0.0158
106.6000 4.8454 4.8822 0.0000 -0.0643
106.7000 5.0468 4.7709 0.0000 0.0862
106.8000 5.2092 5.1469 0.0000 0.2223
106.9000 5.3296 5.1779 0.0000 0.0540
107.0000 5.4060 5.3205 0.0000 -0.0585
107.1000 5.4379 5.7709 0.0000 0.0271
107.2000 5.4264 5.7194 0.0000 0.0073
107.3000 5.3737 5.7137 0.0000 0.0532
107.4000 5.2835 5.1046 0.0000 -0.0211
107.5000 5.1605 5.5987 0.0000 -0.0327
107.6000 5.0105 4.4431 0.0000 -0.0191
107.7000 4.8395 4.7600 0.0000 -0.1044
107.8000 4.6541 4.2211 0.0000 -0.0361
107.9000 4.4608 4.4976 0.0000 0.0099
108.0000 4.2660 4.4151 0.0000 -0.0497
108.1000 4.0754 4.1874 0.0000 0.0139
108.2000 3.8940 4.0313 0.0000 -0.0041
108.3000 3.7262 3.6853 0.0000 -0.0015
108.4000 3.5750 3.3497 0.0000 -0.0244
108.5000 3.4429 3.1220 0.0000 -0.1544
108.6000 3.3309 3.2382 0.0000 -0.0780
108.7000 3.2395 2.5724 0.0000 -0.0712
108.8000 3.1679 3.0886 0.0000 -0.0208
108.9000 3.1151 2.9457 0.0000 0.1184
109.0000 3.0789 2.9301 0.0000 -0.1327
109.1000 3.0571 2.7579 0.0000 -0.0135
109.2000 3.0469 3.2228 0.0000 0.0757
109.3000 3.0455 3.2461 0.0000 0.0737
109.4000 3.0500 3.5549 0.0000 -0.0784
109.5000 3.0576 3.2541 0.0000 0.1099
109.6000 3.0654 3.4472 0.0000 0.1796
109.7000 3.0712 2.5123 0.0000 0.0620
109.8000 3.0727 2.8178 0.0000 0.0694
109.9000 3.0679 2.9467 0.0000 0.0362
110.0000 3.0555 3.1232 1.0000 1.0891
110.1000 3.0343 2.5110 1.0000 0.9418
110.2000 3.0033 2.8324 1.0000 1.0494
110.3000 2.9622 2.6904 1.0000 1.0597
110.4000 2.9107 2.6068 1.0000 1.0103
110.5000 2.8488 3.0540 1.0000 0.9905
110.6000 2.7770 2.6889 1.0000 1.0253
110.7000 2.6958 3.2042 1.0000 0.9691
110.8000 2.6059 2.8880 1.0000 1.1784
110.9000 2.5083 3.3250 1.0000 0.9804
111.0000 2.4039 2.3159 1.0000 1.1111
111.1000 2.2938 2.4543 1.0000 0.9896
111.2000 2.1792 2.4115 1.0000 1.0788
111.3000 2.0612 1.9066 1.0000 1.0016
111.4000 1.9410 1.3465 1.0000 1.0880
111.5000 1.8198 1.6212 1.0000 1.0496
111.6000 1.6986 1.6378 1.0000 1.0337
111.7000 1.5784 1.4347 1.0000 1.0968
111.8000 1.4603 1.4280 1.0000 0.8682
111.9000 1.3450 1.3656 1.0000 1.0103
112.0000 1.2334 0.6866 1.0000 1.0172
112.1000 1.1259 0.8967 1.0000 1.0190
112.2000 1.0233 0.9020 1.0000 1.0839
112.3000 0.9259 1.4322 1.0000 1.0341
112.4000 0.8341 0.4073 1.0000 0.8698
112.5000 0.7481 0.7908 1.0000 0.8699
112.6000 0.6679 0.7850 1.0000 1.0416
112.7000 0.5937 0.5769 1.0000 1.1104
112.8000 0.5254 0.1786 1.0000 1.0434
112.9000 0.4629 0.2905 1.0000 1.0606
113.0000 0.4060 0.1849 1.0000 1.0291
113.1000 0.3545 0.1700 1.0000 0.9648
113.2000 0.3082 0.4705 1.0000 1.0348
113.3000 0.2668 0.0492 1.0000 0.7945
113.4000 0.2299 0.4118 1.0000 1.0340
113.5000 0.1972 0.3448 1.0000 0.9395
113.6000 0.1684 0.1418 1.0000 0.9137
113.7000 0.1432 0.1380 1.0000 0.8427
113.8000 0.1212 0.3241 1.0000 0.8867
113.9000 0.1021 -0.3226 1.0000 0.9891
114.0000 0.0857 -0.6084 1.0000 0.9890
114.1000 0.0716 -0.0358 1.0000 1.0308
114.2000 0.0595 0.0639 1.0000 0.9834
114.3000 0.0493 0.0737 1.0000 1.0431
114.4000 0.0406 0.1845 1.0000 1.1643
114.5000 0.0333 0.2127 1.0000 0.8595
114.6000 0.0272 -0.3371 1.0000 1.0054
114.7000 0.0221 -0.0032 1.0000 1.0269
114.8000 0.0179 -0.7814 1.0000 0.8559
114.9000 0.0145 0.3524 1.0000 1.0507
115.0000 0.0116 0.2490 0.0000 -0.1061
115.1000 0.0093 -0.3532 0.0000 0.0003
115.2000 0.0074 0.5915 0.0000 0.0508
115.3000 0.0058 -0.2210 0.0000 -0.0224
115.4000 0.0046 0.0769 0.0000 -0.1538
115.5000 0.0036 0.0611 0.0000 -0.0867
115.6000 0.0028 0.1471 0.0000 -0.1276
115.7000 0.0022 -0.3301 0.0000 -0.1167
115.8000 0.0017 0.1267 0.0000 -0.1535
115.9000 0.0013 0.1200 0.0000 0.1615
116.0000 0.0010 0.2831 0.0000 -0.0825
116.1000 0.0008 0.1137 0.0000 0.0117
116.2000 0.0006 0.2043 0.0000 0.0834
116.3000 0.0004 -0.0408 0.0000 0.0279
116.4000 0.0003 -0.1547 0.0000 0.0308
116.5000 0.0003 0.0115 0.0000 -0.0182
116.6000 0.0002 0.2010 0.0000 -0.0317
116.7000 0.0001 0.1169 0.0000 0.1340
116.8000 0.0001 0.3692 0.0000 -0.0390
116.9000 0.0001 0.0907 0.0000 -0.1485
117.0000 0.0001 0.3353 0.0000 0.0121
117.1000 0.0000 0.0782 0.0000 0.0281
117.2000 0.0000 0.1750 0.0000 0.0942
117.3000 0.0000 -0.0160 0.0000 -0.0366
117.4000 0.0000 -0.3421 0.0000 -0.0594
117.5000 0.0000 -0.2780 0.0000 -0.1663
117.6000 0.0000 -0.3938 0.0000 -0.0605
117.7000 0.0000 -0.2156 0.0000 -0.0494
117.8000 0.0000 0.1644 0.0000 -0.1724
117.9000 0.0000 -0.3803 0.0000 0.2229
118.0000 0.0000 0.0186 0.0000 0.0065
118.1000 0.0000 -0.0005 0.0000 -0.0806
118.2000 0.0000 -0.3268 0.0000 0.0517
118.3000 0.0000 0.5980 0.0000 -0.1751
118.4000 0.0000 0.5271 0.0000 0.0473
118.5000 0.0000 0.1652 0.0000 -0.1277
118.6000 0.0000 0.6590 0.0000 0.1005
118.7000 0.0000 0.4740 0.0000 -0.0723
118.8000 0.0000 -0.0964 0.0000 -0.0017
118.9000 0.0000 -0.0045 0.0000 -0.2084
119.0000 0.0000 -0.0048 0.0000 0.0983
119.1000 0.0000 0.2676 0.0000 0.2382
119.2000 0.0000 0.3098 0.0000 0.0258
119.3000 0.0000 -0.2795 0.0000 0.0047
119.4000 0.0000 0.0597 0.0000 -0.0297
119.5000 0.0000 0.1151 0.0000 0.0968
119.6000 0.0000 0.2170 0.0000 -0.1254
119.7000 0.0000 -0.2657 0.0000 -0.0038
119.8000 0.0000 -0.1770 0.0000 -0.1681
119.9000 0.0000 0.4253 0.0000 -0.2591
120.0000 0.0000 0.0000 0.0000 -0.1194
