# time [arb], signal w/o noise [arb], signal w/noise [arb]
0.0000 0.6883 0.4582
0.1000 0.8368 0.7365
0.2000 1.0074 1.1902
0.3000 1.2009 1.8580
0.4000 1.4174 1.4228
0.5000 1.6566 1.5112
0.6000 1.9172 1.4978
0.7000 2.1971 1.7030
0.8000 2.4933 2.5227
0.9000 2.8020 2.2005
1.0000 3.1183 3.4567
1.1000 3.4370 3.5847
1.2000 3.7519 3.7138
1.3000 4.0567 4.0955
1.4000 4.3448 4.1092
1.5000 4.6097 4.4515
1.6000 4.8454 4.8822
1.7000 5.0468 4.7709
1.8000 5.2092 5.1469
1.9000 5.3296 5.1779
2.0000 5.4060 5.3205
2.1000 5.4379 5.7709
2.2000 5.4264 5.7194
2.3000 5.3737 5.7137
2.4000 5.2835 5.1046
2.5000 5.1605 5.5987
2.6000 5.0105 4.4431
2.7000 4.8395 4.7600
2.8000 4.6541 4.2211
2.9000 4.4608 4.4976
3.0000 4.2660 4.4151
3.1000 4.0754 4.1874
3.2000 3.8940 4.0313
3.3000 3.7262 3.6853
3.4000 3.5750 3.3497
3.5000 3.4429 3.1220
3.6000 3.3309 3.2382
3.7000 3.2395 2.5724
3.8000 3.1679 3.0886
3.9000 3.1151 2.9457
4.0000 3.0789 2.9301
4.1000 3.0571 2.7579
4.2000 3.0469 3.2228
4.3000 3.0455 3.2461
4.4000 3.0500 3.5549
4.5000 3.0576 3.2541
4.6000 3.0654 3.4472
4.7000 3.0712 2.5123
4.8000 3.0727 2.8178
4.9000 3.0679 2.9467
5.0000 3.0555 3.1232
5.1000 3.0343 2.5110
5.2000 3.0033 2.8324
5.3000 2.9622 2.6904
5.4000 2.9107 2.6068
5.5000 2.8488 3.0540
5.6000 2.7770 2.6889
5.7000 2.6958 3.2042
5.8000 2.6059 2.8880
5.9000 2.5083 3.3250
6.0000 2.4039 2.3159
6.1000 2.2938 2.4543
6.2000 2.1792 2.4115
6.3000 2.0612 1.9066
6.4000 1.9410 1.3465
6.5000 1.8198 1.6212
6.6000 1.6986 1.6378
6.7000 1.5784 1.4347
6.8000 1.4603 1.4280
6.9000 1.3450 1.3656
7.0000 1.2334 0.6866
7.1000 1.1259 0.8967
7.2000 1.0233 0.9020
7.3000 0.9259 1.4322
7.4000 0.8341 0.4073
7.5000 0.7481 0.7908
7.6000 0.6679 0.7850
7.7000 0.5937 0.5769
7.8000 0.5254 0.1786
7.9000 0.4629 0.2905
8.0000 0.4060 0.1849
8.1000 0.3545 0.1700
8.2000 0.3082 0.4705
8.3000 0.2668 0.0492
8.4000 0.2299 0.4118
8.5000 0.1972 0.3448
8.6000 0.1684 0.1418
8.7000 0.1432 0.1380
8.8000 0.1212 0.3241
8.9000 0.1021 -0.3226
9.0000 0.0857 -0.6084
9.1000 0.0716 -0.0358
9.2000 0.0595 0.0639
9.3000 0.0493 0.0737
9.4000 0.0406 0.1845
9.5000 0.0333 0.2127
9.6000 0.0272 -0.3371
9.7000 0.0221 -0.0032
9.8000 0.0179 -0.7814
9.9000 0.0145 0.3524
10.0000 0.0116 0.2490
10.1000 0.0093 -0.3532
10.2000 0.0074 0.5915
10.3000 0.0058 -0.2210
10.4000 0.0046 0.0769
10.5000 0.0036 0.0611
10.6000 0.0028 0.1471
10.7000 0.0022 -0.3301
10.8000 0.0017 0.1267
10.9000 0.0013 0.1200
11.0000 0.0010 0.2831
11.1000 0.0008 0.1137
11.2000 0.0006 0.2043
11.3000 0.0004 -0.0408
11.4000 0.0003 -0.1547
11.5000 0.0003 0.0115
11.6000 0.0002 0.2010
11.7000 0.0001 0.1169
11.8000 0.0001 0.3692
11.9000 0.0001 0.0907
12.0000 0.0001 0.3353
12.1000 0.0000 0.0782
12.2000 0.0000 0.1750
12.3000 0.0000 -0.0160
12.4000 0.0000 -0.3421
12.5000 0.0000 -0.2780
12.6000 0.0000 -0.3938
12.7000 0.0000 -0.2156
12.8000 0.0000 0.1644
12.9000 0.0000 -0.3803
13.0000 0.0000 0.0186
13.1000 0.0000 -0.0005
13.2000 0.0000 -0.3268
13.3000 0.0000 0.5980
13.4000 0.0000 0.5271
13.5000 0.0000 0.1652
13.6000 0.0000 0.6590
13.7000 0.0000 0.4740
13.8000 0.0000 -0.0964
13.9000 0.0000 -0.0045
14.0000 0.0000 -0.0048
14.1000 0.0000 0.2676
14.2000 0.0000 0.3098
14.3000 0.0000 -0.2795
14.4000 0.0000 0.0597
14.5000 0.0000 0.1151
14.6000 0.0000 0.2170
14.7000 0.0000 -0.2657
14.8000 0.0000 -0.1770
14.9000 0.0000 0.4253
15.0000 0.6883 0.4582
15.1000 0.8368 0.7365
15.2000 1.0074 1.1902
15.3000 1.2009 1.8580
15.4000 1.4174 1.4228
15.5000 1.6566 1.5112
15.6000 1.9172 1.4978
15.7000 2.1971 1.7030
15.8000 2.4933 2.5227
15.9000 2.8020 2.2005
16.0000 3.1183 3.4567
16.1000 3.4370 3.5847
16.2000 3.7519 3.7138
16.3000 4.0567 4.0955
16.4000 4.3448 4.1092
16.5000 4.6097 4.4515
16.6000 4.8454 4.8822
16.7000 5.0468 4.7709
16.8000 5.2092 5.1469
16.9000 5.3296 5.1779
17.0000 5.4060 5.3205
17.1000 5.4379 5.7709
17.2000 5.4264 5.7194
17.3000 5.3737 5.7137
17.4000 5.2835 5.1046
17.5000 5.1605 5.5987
17.6000 5.0105 4.4431
17.7000 4.8395 4.7600
17.8000 4.6541 4.2211
17.9000 4.4608 4.4976
18.0000 4.2660 4.4151
18.1000 4.0754 4.1874
18.2000 3.8940 4.0313
18.3000 3.7262 3.6853
18.4000 3.5750 3.3497
18.5000 3.4429 3.1220
18.6000 3.3309 3.2382
18.7000 3.2395 2.5724
18.8000 3.1679 3.0886
18.9000 3.1151 2.9457
19.0000 3.0789 2.9301
19.1000 3.0571 2.7579
19.2000 3.0469 3.2228
19.3000 3.0455 3.2461
19.4000 3.0500 3.5549
19.5000 3.0576 3.2541
19.6000 3.0654 3.4472
19.7000 3.0712 2.5123
19.8000 3.0727 2.8178
19.9000 3.0679 2.9467
20.0000 3.0555 3.1232
20.1000 3.0343 2.5110
20.2000 3.0033 2.8324
20.3000 2.9622 2.6904
20.4000 2.9107 2.6068
20.5000 2.8488 3.0540
20.6000 2.7770 2.6889
20.7000 2.6958 3.2042
20.8000 2.6059 2.8880
20.9000 2.5083 3.3250
21.0000 2.4039 2.3159
21.1000 2.2938 2.4543
21.2000 2.1792 2.4115
21.3000 2.0612 1.9066
21.4000 1.9410 1.3465
21.5000 1.8198 1.6212
21.6000 1.6986 1.6378
21.7000 1.5784 1.4347
21.8000 1.4603 1.4280
21.9000 1.3450 1.3656
22.0000 1.2334 0.6866
22.1000 1.1259 0.8967
22.2000 1.0233 0.9020
22.3000 0.9259 1.4322
22.4000 0.8341 0.4073
22.5000 0.7481 0.7908
22.6000 0.6679 0.7850
22.7000 0.5937 0.5769
22.8000 0.5254 0.1786
22.9000 0.4629 0.2905
23.0000 0.4060 0.1849
23.1000 0.3545 0.1700
23.2000 0.3082 0.4705
23.3000 0.2668 0.0492
23.4000 0.2299 0.4118
23.5000 0.1972 0.3448
23.6000 0.1684 0.1418
23.7000 0.1432 0.1380
23.8000 0.1212 0.3241
23.9000 0.1021 -0.3226
24.0000 0.0857 -0.6084
24.1000 0.0716 -0.0358
24.2000 0.0595 0.0639
24.3000 0.0493 0.0737
24.4000 0.0406 0.1845
24.5000 0.0333 0.2127
24.6000 0.0272 -0.3371
24.7000 0.0221 -0.0032
24.8000 0.0179 -0.7814
24.9000 0.0145 0.3524
25.0000 0.0116 0.2490
25.1000 0.0093 -0.3532
25.2000 0.0074 0.5915
25.3000 0.0058 -0.2210
25.4000 0.0046 0.0769
25.5000 0.0036 0.0611
25.6000 0.0028 0.1471
25.7000 0.0022 -0.3301
25.8000 0.0017 0.1267
25.9000 0.0013 0.1200
26.0000 0.0010 0.2831
26.1000 0.0008 0.1137
26.2000 0.0006 0.2043
26.3000 0.0004 -0.0408
26.4000 0.0003 -0.1547
26.5000 0.0003 0.0115
26.6000 0.0002 0.2010
26.7000 0.0001 0.1169
26.8000 0.0001 0.3692
26.9000 0.0001 0.0907
27.0000 0.0001 0.3353
27.1000 0.0000 0.0782
27.2000 0.0000 0.1750
27.3000 0.0000 -0.0160
27.4000 0.0000 -0.3421
27.5000 0.0000 -0.2780
27.6000 0.0000 -0.3938
27.7000 0.0000 -0.2156
27.8000 0.0000 0.1644
27.9000 0.0000 -0.3803
28.0000 0.0000 0.0186
28.1000 0.0000 -0.0005
28.2000 0.0000 -0.3268
28.3000 0.0000 0.5980
28.4000 0.0000 0.5271
28.5000 0.0000 0.1652
28.6000 0.0000 0.6590
28.7000 0.0000 0.4740
28.8000 0.0000 -0.0964
28.9000 0.0000 -0.0045
29.0000 0.0000 -0.0048
29.1000 0.0000 0.2676
29.2000 0.0000 0.3098
29.3000 0.0000 -0.2795
29.4000 0.0000 0.0597
29.5000 0.0000 0.1151
29.6000 0.0000 0.2170
29.7000 0.0000 -0.2657
29.8000 0.0000 -0.1770
29.9000 0.0000 0.4253
30.0000 0.6883 0.4582
30.1000 0.8368 0.7365
30.2000 1.0074 1.1902
30.3000 1.2009 1.8580
30.4000 1.4174 1.4228
30.5000 1.6566 1.5112
30.6000 1.9172 1.4978
30.7000 2.1971 1.7030
30.8000 2.4933 2.5227
30.9000 2.8020 2.2005
31.0000 3.1183 3.4567
31.1000 3.4370 3.5847
31.2000 3.7519 3.7138
31.3000 4.0567 4.0955
31.4000 4.3448 4.1092
31.5000 4.6097 4.4515
31.6000 4.8454 4.8822
31.7000 5.0468 4.7709
31.8000 5.2092 5.1469
31.9000 5.3296 5.1779
32.0000 5.4060 5.3205
32.1000 5.4379 5.7709
32.2000 5.4264 5.7194
32.3000 5.3737 5.7137
32.4000 5.2835 5.1046
32.5000 5.1605 5.5987
32.6000 5.0105 4.4431
32.7000 4.8395 4.7600
32.8000 4.6541 4.2211
32.9000 4.4608 4.4976
33.0000 4.2660 4.4151
33.1000 4.0754 4.1874
33.2000 3.8940 4.0313
33.3000 3.7262 3.6853
33.4000 3.5750 3.3497
33.5000 3.4429 3.1220
33.6000 3.3309 3.2382
33.7000 3.2395 2.5724
33.8000 3.1679 3.0886
33.9000 3.1151 2.9457
34.0000 3.0789 2.9301
34.1000 3.0571 2.7579
34.2000 3.0469 3.2228
34.3000 3.0455 3.2461
34.4000 3.0500 3.5549
34.5000 3.0576 3.2541
34.6000 3.0654 3.4472
34.7000 3.0712 2.5123
34.8000 3.0727 2.8178
34.9000 3.0679 2.9467
35.0000 3.0555 3.1232
35.1000 3.0343 2.5110
35.2000 3.0033 2.8324
35.3000 2.9622 2.6904
35.4000 2.9107 2.6068
35.5000 2.8488 3.0540
35.6000 2.7770 2.6889
35.7000 2.6958 3.2042
35.8000 2.6059 2.8880
35.9000 2.5083 3.3250
36.0000 2.4039 2.3159
36.1000 2.2938 2.4543
36.2000 2.1792 2.4115
36.3000 2.0612 1.9066
36.4000 1.9410 1.3465
36.5000 1.8198 1.6212
36.6000 1.6986 1.6378
36.7000 1.5784 1.4347
36.8000 1.4603 1.4280
36.9000 1.3450 1.3656
37.0000 1.2334 0.6866
37.1000 1.1259 0.8967
37.2000 1.0233 0.9020
37.3000 0.9259 1.4322
37.4000 0.8341 0.4073
37.5000 0.7481 0.7908
37.6000 0.6679 0.7850
37.7000 0.5937 0.5769
37.8000 0.5254 0.1786
37.9000 0.4629 0.2905
38.0000 0.4060 0.1849
38.1000 0.3545 0.1700
38.2000 0.3082 0.4705
38.3000 0.2668 0.0492
38.4000 0.2299 0.4118
38.5000 0.1972 0.3448
38.6000 0.1684 0.1418
38.7000 0.1432 0.1380
38.8000 0.1212 0.3241
38.9000 0.1021 -0.3226
39.0000 0.0857 -0.6084
39.1000 0.0716 -0.0358
39.2000 0.0595 0.0639
39.3000 0.0493 0.0737
39.4000 0.0406 0.1845
39.5000 0.0333 0.2127
39.6000 0.0272 -0.3371
39.7000 0.0221 -0.0032
39.8000 0.0179 -0.7814
39.9000 0.0145 0.3524
40.0000 0.0116 0.2490
40.1000 0.0093 -0.3532
40.2000 0.0074 0.5915
40.3000 0.0058 -0.2210
40.4000 0.0046 0.0769
40.5000 0.0036 0.0611
40.6000 0.0028 0.1471
40.7000 0.0022 -0.3301
40.8000 0.0017 0.1267
40.9000 0.0013 0.1200
41.0000 0.0010 0.2831
41.1000 0.0008 0.1137
41.2000 0.0006 0.2043
41.3000 0.0004 -0.0408
41.4000 0.0003 -0.1547
41.5000 0.0003 0.0115
41.6000 0.0002 0.2010
41.7000 0.0001 0.1169
41.8000 0.0001 0.3692
41.9000 0.0001 0.0907
42.0000 0.0001 0.3353
42.1000 0.0000 0.0782
42.2000 0.0000 0.1750
42.3000 0.0000 -0.0160
42.4000 0.0000 -0.3421
42.5000 0.0000 -0.2780
42.6000 0.0000 -0.3938
42.7000 0.0000 -0.2156
42.8000 0.0000 0.1644
42.9000 0.0000 -0.3803
43.0000 0.0000 0.0186
43.1000 0.0000 -0.0005
43.2000 0.0000 -0.3268
43.3000 0.0000 0.5980
43.4000 0.0000 0.5271
43.5000 0.0000 0.1652
43.6000 0.0000 0.6590
43.7000 0.0000 0.4740
43.8000 0.0000 -0.0964
43.9000 0.0000 -0.0045
44.0000 0.0000 -0.0048
44.1000 0.0000 0.2676
44.2000 0.0000 0.3098
44.3000 0.0000 -0.2795
44.4000 0.0000 0.0597
44.5000 0.0000 0.1151
44.6000 0.0000 0.2170
44.7000 0.0000 -0.2657
44.8000 0.0000 -0.1770
44.9000 0.0000 0.4253
45.0000 0.6883 0.4582
45.1000 0.8368 0.7365
45.2000 1.0074 1.1902
45.3000 1.2009 1.8580
45.4000 1.4174 1.4228
45.5000 1.6566 1.5112
45.6000 1.9172 1.4978
45.7000 2.1971 1.7030
45.8000 2.4933 2.5227
45.9000 2.8020 2.2005
46.0000 3.1183 3.4567
46.1000 3.4370 3.5847
46.2000 3.7519 3.7138
46.3000 4.0567 4.0955
46.4000 4.3448 4.1092
46.5000 4.6097 4.4515
46.6000 4.8454 4.8822
46.7000 5.0468 4.7709
46.8000 5.2092 5.1469
46.9000 5.3296 5.1779
47.0000 5.4060 5.3205
47.1000 5.4379 5.7709
47.2000 5.4264 5.7194
47.3000 5.3737 5.7137
47.4000 5.2835 5.1046
47.5000 5.1605 5.5987
47.6000 5.0105 4.4431
47.7000 4.8395 4.7600
47.8000 4.6541 4.2211
47.9000 4.4608 4.4976
48.0000 4.2660 4.4151
48.1000 4.0754 4.1874
48.2000 3.8940 4.0313
48.3000 3.7262 3.6853
48.4000 3.5750 3.3497
48.5000 3.4429 3.1220
48.6000 3.3309 3.2382
48.7000 3.2395 2.5724
48.8000 3.1679 3.0886
48.9000 3.1151 2.9457
49.0000 3.0789 2.9301
49.1000 3.0571 2.7579
49.2000 3.0469 3.2228
49.3000 3.0455 3.2461
49.4000 3.0500 3.5549
49.5000 3.0576 3.2541
49.6000 3.0654 3.4472
49.7000 3.0712 2.5123
49.8000 3.0727 2.8178
49.9000 3.0679 2.9467
50.0000 3.0555 3.1232
50.1000 3.0343 2.5110
50.2000 3.0033 2.8324
50.3000 2.9622 2.6904
50.4000 2.9107 2.6068
50.5000 2.8488 3.0540
50.6000 2.7770 2.6889
50.7000 2.6958 3.2042
50.8000 2.6059 2.8880
50.9000 2.5083 3.3250
51.0000 2.4039 2.3159
51.1000 2.2938 2.4543
51.2000 2.1792 2.4115
51.3000 2.0612 1.9066
51.4000 1.9410 1.3465
51.5000 1.8198 1.6212
51.6000 1.6986 1.6378
51.7000 1.5784 1.4347
51.8000 1.4603 1.4280
51.9000 1.3450 1.3656
52.0000 1.2334 0.6866
52.1000 1.1259 0.8967
52.2000 1.0233 0.9020
52.3000 0.9259 1.4322
52.4000 0.8341 0.4073
52.5000 0.7481 0.7908
52.6000 0.6679 0.7850
52.7000 0.5937 0.5769
52.8000 0.5254 0.1786
52.9000 0.4629 0.2905
53.0000 0.4060 0.1849
53.1000 0.3545 0.1700
53.2000 0.3082 0.4705
53.3000 0.2668 0.0492
53.4000 0.2299 0.4118
53.5000 0.1972 0.3448
53.6000 0.1684 0.1418
53.7000 0.1432 0.1380
53.8000 0.1212 0.3241
53.9000 0.1021 -0.3226
54.0000 0.0857 -0.6084
54.1000 0.0716 -0.0358
54.2000 0.0595 0.0639
54.3000 0.0493 0.0737
54.4000 0.0406 0.1845
54.5000 0.0333 0.2127
54.6000 0.0272 -0.3371
54.7000 0.0221 -0.0032
54.8000 0.0179 -0.7814
54.9000 0.0145 0.3524
55.0000 0.0116 0.2490
55.1000 0.0093 -0.3532
55.2000 0.0074 0.5915
55.3000 0.0058 -0.2210
55.4000 0.0046 0.0769
55.5000 0.0036 0.0611
55.6000 0.0028 0.1471
55.7000 0.0022 -0.3301
55.8000 0.0017 0.1267
55.9000 0.0013 0.1200
56.0000 0.0010 0.2831
56.1000 0.0008 0.1137
56.2000 0.0006 0.2043
56.3000 0.0004 -0.0408
56.4000 0.0003 -0.1547
56.5000 0.0003 0.0115
56.6000 0.0002 0.2010
56.7000 0.0001 0.1169
56.8000 0.0001 0.3692
56.9000 0.0001 0.0907
57.0000 0.0001 0.3353
57.1000 0.0000 0.0782
57.2000 0.0000 0.1750
57.3000 0.0000 -0.0160
57.4000 0.0000 -0.3421
57.5000 0.0000 -0.2780
57.6000 0.0000 -0.3938
57.7000 0.0000 -0.2156
57.8000 0.0000 0.1644
57.9000 0.0000 -0.3803
58.0000 0.0000 0.0186
58.1000 0.0000 -0.0005
58.2000 0.0000 -0.3268
58.3000 0.0000 0.5980
58.4000 0.0000 0.5271
58.5000 0.0000 0.1652
58.6000 0.0000 0.6590
58.7000 0.0000 0.4740
58.8000 0.0000 -0.0964
58.9000 0.0000 -0.0045
59.0000 0.0000 -0.0048
59.1000 0.0000 0.2676
59.2000 0.0000 0.3098
59.3000 0.0000 -0.2795
59.4000 0.0000 0.0597
59.5000 0.0000 0.1151
59.6000 0.0000 0.2170
59.7000 0.0000 -0.2657
59.8000 0.0000 -0.1770
59.9000 0.0000 0.4253
60.0000 0.6883 0.4582
60.1000 0.8368 0.7365
60.2000 1.0074 1.1902
60.3000 1.2009 1.8580
60.4000 1.4174 1.4228
60.5000 1.6566 1.5112
60.6000 1.9172 1.4978
60.7000 2.1971 1.7030
60.8000 2.4933 2.5227
60.9000 2.8020 2.2005
61.0000 3.1183 3.4567
61.1000 3.4370 3.5847
61.2000 3.7519 3.7138
61.3000 4.0567 4.0955
61.4000 4.3448 4.1092
61.5000 4.6097 4.4515
61.6000 4.8454 4.8822
61.7000 5.0468 4.7709
61.8000 5.2092 5.1469
61.9000 5.3296 5.1779
62.0000 5.4060 5.3205
62.1000 5.4379 5.7709
62.2000 5.4264 5.7194
62.3000 5.3737 5.7137
62.4000 5.2835 5.1046
62.5000 5.1605 5.5987
62.6000 5.0105 4.4431
62.7000 4.8395 4.7600
62.8000 4.6541 4.2211
62.9000 4.4608 4.4976
63.0000 4.2660 4.4151
63.1000 4.0754 4.1874
63.2000 3.8940 4.0313
63.3000 3.7262 3.6853
63.4000 3.5750 3.3497
63.5000 3.4429 3.1220
63.6000 3.3309 3.2382
63.7000 3.2395 2.5724
63.8000 3.1679 3.0886
63.9000 3.1151 2.9457
64.0000 3.0789 2.9301
64.1000 3.0571 2.7579
64.2000 3.0469 3.2228
64.3000 3.0455 3.2461
64.4000 3.0500 3.5549
64.5000 3.0576 3.2541
64.6000 3.0654 3.4472
64.7000 3.0712 2.5123
64.8000 3.0727 2.8178
64.9000 3.0679 2.9467
65.0000 3.0555 3.1232
65.1000 3.0343 2.5110
65.2000 3.0033 2.8324
65.3000 2.9622 2.6904
65.4000 2.9107 2.6068
65.5000 2.8488 3.0540
65.6000 2.7770 2.6889
65.7000 2.6958 3.2042
65.8000 2.6059 2.8880
65.9000 2.5083 3.3250
66.0000 2.4039 2.3159
66.1000 2.2938 2.4543
66.2000 2.1792 2.4115
66.3000 2.0612 1.9066
66.4000 1.9410 1.3465
66.5000 1.8198 1.6212
66.6000 1.6986 1.6378
66.7000 1.5784 1.4347
66.8000 1.4603 1.4280
66.9000 1.3450 1.3656
67.0000 1.2334 0.6866
67.1000 1.1259 0.8967
67.2000 1.0233 0.9020
67.3000 0.9259 1.4322
67.4000 0.8341 0.4073
67.5000 0.7481 0.7908
67.6000 0.6679 0.7850
67.7000 0.5937 0.5769
67.8000 0.5254 0.1786
67.9000 0.4629 0.2905
68.0000 0.4060 0.1849
68.1000 0.3545 0.1700
68.2000 0.3082 0.4705
68.3000 0.2668 0.0492
68.4000 0.2299 0.4118
68.5000 0.1972 0.3448
68.6000 0.1684 0.1418
68.7000 0.1432 0.1380
68.8000 0.1212 0.3241
68.9000 0.1021 -0.3226
69.0000 0.0857 -0.6084
69.1000 0.0716 -0.0358
69.2000 0.0595 0.0639
69.3000 0.0493 0.0737
69.4000 0.0406 0.1845
69.5000 0.0333 0.2127
69.6000 0.0272 -0.3371
69.7000 0.0221 -0.0032
69.8000 0.0179 -0.7814
69.9000 0.0145 0.3524
70.0000 0.0116 0.2490
70.1000 0.0093 -0.3532
70.2000 0.0074 0.5915
70.3000 0.0058 -0.2210
70.4000 0.0046 0.0769
70.5000 0.0036 0.0611
70.6000 0.0028 0.1471
70.7000 0.0022 -0.3301
70.8000 0.0017 0.1267
70.9000 0.0013 0.1200
71.0000 0.0010 0.2831
71.1000 0.0008 0.1137
71.2000 0.0006 0.2043
71.3000 0.0004 -0.0408
71.4000 0.0003 -0.1547
71.5000 0.0003 0.0115
71.6000 0.0002 0.2010
71.7000 0.0001 0.1169
71.8000 0.0001 0.3692
71.9000 0.0001 0.0907
72.0000 0.0001 0.3353
72.1000 0.0000 0.0782
72.2000 0.0000 0.1750
72.3000 0.0000 -0.0160
72.4000 0.0000 -0.3421
72.5000 0.0000 -0.2780
72.6000 0.0000 -0.3938
72.7000 0.0000 -0.2156
72.8000 0.0000 0.1644
72.9000 0.0000 -0.3803
73.0000 0.0000 0.0186
73.1000 0.0000 -0.0005
73.2000 0.0000 -0.3268
73.3000 0.0000 0.5980
73.4000 0.0000 0.5271
73.5000 0.0000 0.1652
73.6000 0.0000 0.6590
73.7000 0.0000 0.4740
73.8000 0.0000 -0.0964
73.9000 0.0000 -0.0045
74.0000 0.0000 -0.0048
74.1000 0.0000 0.2676
74.2000 0.0000 0.3098
74.3000 0.0000 -0.2795
74.4000 0.0000 0.0597
74.5000 0.0000 0.1151
74.6000 0.0000 0.2170
74.7000 0.0000 -0.2657
74.8000 0.0000 -0.1770
74.9000 0.0000 0.4253
75.0000 0.6883 0.4582
75.1000 0.8368 0.7365
75.2000 1.0074 1.1902
75.3000 1.2009 1.8580
75.4000 1.4174 1.4228
75.5000 1.6566 1.5112
75.6000 1.9172 1.4978
75.7000 2.1971 1.7030
75.8000 2.4933 2.5227
75.9000 2.8020 2.2005
76.0000 3.1183 3.4567
76.1000 3.4370 3.5847
76.2000 3.7519 3.7138
76.3000 4.0567 4.0955
76.4000 4.3448 4.1092
76.5000 4.6097 4.4515
76.6000 4.8454 4.8822
76.7000 5.0468 4.7709
76.8000 5.2092 5.1469
76.9000 5.3296 5.1779
77.0000 5.4060 5.3205
77.1000 5.4379 5.7709
77.2000 5.4264 5.7194
77.3000 5.3737 5.7137
77.4000 5.2835 5.1046
77.5000 5.1605 5.5987
77.6000 5.0105 4.4431
77.7000 4.8395 4.7600
77.8000 4.6541 4.2211
77.9000 4.4608 4.4976
78.0000 4.2660 4.4151
78.1000 4.0754 4.1874
78.2000 3.8940 4.0313
78.3000 3.7262 3.6853
78.4000 3.5750 3.3497
78.5000 3.4429 3.1220
78.6000 3.3309 3.2382
78.7000 3.2395 2.5724
78.8000 3.1679 3.0886
78.9000 3.1151 2.9457
79.0000 3.0789 2.9301
79.1000 3.0571 2.7579
79.2000 3.0469 3.2228
79.3000 3.0455 3.2461
79.4000 3.0500 3.5549
79.5000 3.0576 3.2541
79.6000 3.0654 3.4472
79.7000 3.0712 2.5123
79.8000 3.0727 2.8178
79.9000 3.0679 2.9467
80.0000 3.0555 3.1232
80.1000 3.0343 2.5110
80.2000 3.0033 2.8324
80.3000 2.9622 2.6904
80.4000 2.9107 2.6068
80.5000 2.8488 3.0540
80.6000 2.7770 2.6889
80.7000 2.6958 3.2042
80.8000 2.6059 2.8880
80.9000 2.5083 3.3250
81.0000 2.4039 2.3159
81.1000 2.2938 2.4543
81.2000 2.1792 2.4115
81.3000 2.0612 1.9066
81.4000 1.9410 1.3465
81.5000 1.8198 1.6212
81.6000 1.6986 1.6378
81.7000 1.5784 1.4347
81.8000 1.4603 1.4280
81.9000 1.3450 1.3656
82.0000 1.2334 0.6866
82.1000 1.1259 0.8967
82.2000 1.0233 0.9020
82.3000 0.9259 1.4322
82.4000 0.8341 0.4073
82.5000 0.7481 0.7908
82.6000 0.6679 0.7850
82.7000 0.5937 0.5769
82.8000 0.5254 0.1786
82.9000 0.4629 0.2905
83.0000 0.4060 0.1849
83.1000 0.3545 0.1700
83.2000 0.3082 0.4705
83.3000 0.2668 0.0492
83.4000 0.2299 0.4118
83.5000 0.1972 0.3448
83.6000 0.1684 0.1418
83.7000 0.1432 0.1380
83.8000 0.1212 0.3241
83.9000 0.1021 -0.3226
84.0000 0.0857 -0.6084
84.1000 0.0716 -0.0358
84.2000 0.0595 0.0639
84.3000 0.0493 0.0737
84.4000 0.0406 0.1845
84.5000 0.0333 0.2127
84.6000 0.0272 -0.3371
84.7000 0.0221 -0.0032
84.8000 0.0179 -0.7814
84.9000 0.0145 0.3524
85.0000 0.0116 0.2490
85.1000 0.0093 -0.3532
85.2000 0.0074 0.5915
85.3000 0.0058 -0.2210
85.4000 0.0046 0.0769
85.5000 0.0036 0.0611
85.6000 0.0028 0.1471
85.7000 0.0022 -0.3301
85.8000 0.0017 0.1267
85.9000 0.0013 0.1200
86.0000 0.0010 0.2831
86.1000 0.0008 0.1137
86.2000 0.0006 0.2043
86.3000 0.0004 -0.0408
86.4000 0.0003 -0.1547
86.5000 0.0003 0.0115
86.6000 0.0002 0.2010
86.7000 0.0001 0.1169
86.8000 0.0001 0.3692
86.9000 0.0001 0.0907
87.0000 0.0001 0.3353
87.1000 0.0000 0.0782
87.2000 0.0000 0.1750
87.3000 0.0000 -0.0160
87.4000 0.0000 -0.3421
87.5000 0.0000 -0.2780
87.6000 0.0000 -0.3938
87.7000 0.0000 -0.2156
87.8000 0.0000 0.1644
87.9000 0.0000 -0.3803
88.0000 0.0000 0.0186
88.1000 0.0000 -0.0005
88.2000 0.0000 -0.3268
88.3000 0.0000 0.5980
88.4000 0.0000 0.5271
88.5000 0.0000 0.1652
88.6000 0.0000 0.6590
88.7000 0.0000 0.4740
88.8000 0.0000 -0.0964
88.9000 0.0000 -0.0045
89.0000 0.0000 -0.0048
89.1000 0.0000 0.2676
89.2000 0.0000 0.3098
89.3000 0.0000 -0.2795
89.4000 0.0000 0.0597
89.5000 0.0000 0.1151
89.6000 0.0000 0.2170
89.7000 0.0000 -0.2657
89.8000 0.0000 -0.1770
89.9000 0.0000 0.4253
90.0000 0.6883 0.4582
90.1000 0.8368 0.7365
90.2000 1.0074 1.1902
90.3000 1.2009 1.8580
90.4000 1.4174 1.4228
90.5000 1.6566 1.5112
90.6000 1.9172 1.4978
90.7000 2.1971 1.7030
90.8000 2.4933 2.5227
90.9000 2.8020 2.2005
91.0000 3.1183 3.4567
91.1000 3.4370 3.5847
91.2000 3.7519 3.7138
91.3000 4.0567 4.0955
91.4000 4.3448 4.1092
91.5000 4.6097 4.4515
91.6000 4.8454 4.8822
91.7000 5.0468 4.7709
91.8000 5.2092 5.1469
91.9000 5.3296 5.1779
92.0000 5.4060 5.3205
92.1000 5.4379 5.7709
92.2000 5.4264 5.7194
92.3000 5.3737 5.7137
92.4000 5.2835 5.1046
92.5000 5.1605 5.5987
92.6000 5.0105 4.4431
92.7000 4.8395 4.7600
92.8000 4.6541 4.2211
92.9000 4.4608 4.4976
93.0000 4.2660 4.4151
93.1000 4.0754 4.1874
93.2000 3.8940 4.0313
93.3000 3.7262 3.6853
93.4000 3.5750 3.3497
93.5000 3.4429 3.1220
93.6000 3.3309 3.2382
93.7000 3.2395 2.5724
93.8000 3.1679 3.0886
93.9000 3.1151 2.9457
94.0000 3.0789 2.9301
94.1000 3.0571 2.7579
94.2000 3.0469 3.2228
94.3000 3.0455 3.2461
94.4000 3.0500 3.5549
94.5000 3.0576 3.2541
94.6000 3.0654 3.4472
94.7000 3.0712 2.5123
94.8000 3.0727 2.8178
94.9000 3.0679 2.9467
95.0000 3.0555 3.1232
95.1000 3.0343 2.5110
95.2000 3.0033 2.8324
95.3000 2.9622 2.6904
95.4000 2.9107 2.6068
95.5000 2.8488 3.0540
95.6000 2.7770 2.6889
95.7000 2.6958 3.2042
95.8000 2.6059 2.8880
95.9000 2.5083 3.3250
96.0000 2.4039 2.3159
96.1000 2.2938 2.4543
96.2000 2.1792 2.4115
96.3000 2.0612 1.9066
96.4000 1.9410 1.3465
96.5000 1.8198 1.6212
96.6000 1.6986 1.6378
96.7000 1.5784 1.4347
96.8000 1.4603 1.4280
96.9000 1.3450 1.3656
97.0000 1.2334 0.6866
97.1000 1.1259 0.8967
97.2000 1.0233 0.9020
97.3000 0.9259 1.4322
97.4000 0.8341 0.4073
97.5000 0.7481 0.7908
97.6000 0.6679 0.7850
97.7000 0.5937 0.5769
97.8000 0.5254 0.1786
97.9000 0.4629 0.2905
98.0000 0.4060 0.1849
98.1000 0.3545 0.1700
98.2000 0.3082 0.4705
98.3000 0.2668 0.0492
98.4000 0.2299 0.4118
98.5000 0.1972 0.3448
98.6000 0.1684 0.1418
98.7000 0.1432 0.1380
98.8000 0.1212 0.3241
98.9000 0.1021 -0.3226
99.0000 0.0857 -0.6084
99.1000 0.0716 -0.0358
99.2000 0.0595 0.0639
99.3000 0.0493 0.0737
99.4000 0.0406 0.1845
99.5000 0.0333 0.2127
99.6000 0.0272 -0.3371
99.7000 0.0221 -0.0032
99.8000 0.0179 -0.7814
99.9000 0.0145 0.3524
100.0000 0.0116 0.2490
100.1000 0.0093 -0.3532
100.2000 0.0074 0.5915
100.3000 0.0058 -0.2210
100.4000 0.0046 0.0769
100.5000 0.0036 0.0611
100.6000 0.0028 0.1471
100.7000 0.0022 -0.3301
100.8000 0.0017 0.1267
100.9000 0.0013 0.1200
101.0000 0.0010 0.2831
101.1000 0.0008 0.1137
101.2000 0.0006 0.2043
101.3000 0.0004 -0.0408
101.4000 0.0003 -0.1547
101.5000 0.0003 0.0115
101.6000 0.0002 0.2010
101.7000 0.0001 0.1169
101.8000 0.0001 0.3692
101.9000 0.0001 0.0907
102.0000 0.0001 0.3353
102.1000 0.0000 0.0782
102.2000 0.0000 0.1750
102.3000 0.0000 -0.0160
102.4000 0.0000 -0.3421
102.5000 0.0000 -0.2780
102.6000 0.0000 -0.3938
102.7000 0.0000 -0.2156
102.8000 0.0000 0.1644
102.9000 0.0000 -0.3803
103.0000 0.0000 0.0186
103.1000 0.0000 -0.0005
103.2000 0.0000 -0.3268
103.3000 0.0000 0.5980
103.4000 0.0000 0.5271
103.5000 0.0000 0.1652
103.6000 0.0000 0.6590
103.7000 0.0000 0.4740
103.8000 0.0000 -0.0964
103.9000 0.0000 -0.0045
104.0000 0.0000 -0.0048
104.1000 0.0000 0.2676
104.2000 0.0000 0.3098
104.3000 0.0000 -0.2795
104.4000 0.0000 0.0597
104.5000 0.0000 0.1151
104.6000 0.0000 0.2170
104.7000 0.0000 -0.2657
104.8000 0.0000 -0.1770
104.9000 0.0000 0.4253
105.0000 0.6883 0.4582
105.1000 0.8368 0.7365
105.2000 1.0074 1.1902
105.3000 1.2009 1.8580
105.4000 1.4174 1.4228
105.5000 1.6566 1.5112
105.6000 1.9172 1.4978
105.7000 2.1971 1.7030
105.8000 2.4933 2.5227
105.9000 2.8020 2.2005
106.0000 3.1183 3.4567
106.1000 3.4370 3.5847
106.2000 3.7519 3.7138
106.3000 4.0567 4.0955
106.4000 4.3448 4.1092
106.5000 4.6097 4.4515
106.6000 4.8454 4.8822
106.7000 5.0468 4.7709
106.8000 5.2092 5.1469
106.9000 5.3296 5.1779
107.0000 5.4060 5.3205
107.1000 5.4379 5.7709
107.2000 5.4264 5.7194
107.3000 5.3737 5.7137
107.4000 5.2835 5.1046
107.5000 5.1605 5.5987
107.6000 5.0105 4.4431
107.7000 4.8395 4.7600
107.8000 4.6541 4.2211
107.9000 4.4608 4.4976
108.0000 4.2660 4.4151
108.1000 4.0754 4.1874
108.2000 3.8940 4.0313
108.3000 3.7262 3.6853
108.4000 3.5750 3.3497
108.5000 3.4429 3.1220
108.6000 3.3309 3.2382
108.7000 3.2395 2.5724
108.8000 3.1679 3.0886
108.9000 3.1151 2.9457
109.0000 3.0789 2.9301
109.1000 3.0571 2.7579
109.2000 3.0469 3.2228
109.3000 3.0455 3.2461
109.4000 3.0500 3.5549
109.5000 3.0576 3.2541
109.6000 3.0654 3.4472
109.7000 3.0712 2.5123
109.8000 3.0727 2.8178
109.9000 3.0679 2.9467
110.0000 3.0555 3.1232
110.1000 3.0343 2.5110
110.2000 3.0033 2.8324
110.3000 2.9622 2.6904
110.4000 2.9107 2.6068
110.5000 2.8488 3.0540
110.6000 2.7770 2.6889
110.7000 2.6958 3.2042
110.8000 2.6059 2.8880
110.9000 2.5083 3.3250
111.0000 2.4039 2.3159
111.1000 2.2938 2.4543
111.2000 2.1792 2.4115
111.3000 2.0612 1.9066
111.4000 1.9410 1.3465
111.5000 1.8198 1.6212
111.6000 1.6986 1.6378
111.7000 1.5784 1.4347
111.8000 1.4603 1.4280
111.9000 1.3450 1.3656
112.0000 1.2334 0.6866
112.1000 1.1259 0.8967
112.2000 1.0233 0.9020
112.3000 0.9259 1.4322
112.4000 0.8341 0.4073
112.5000 0.7481 0.7908
112.6000 0.6679 0.7850
112.7000 0.5937 0.5769
112.8000 0.5254 0.1786
112.9000 0.4629 0.2905
113.0000 0.4060 0.1849
113.1000 0.3545 0.1700
113.2000 0.3082 0.4705
113.3000 0.2668 0.0492
113.4000 0.2299 0.4118
113.5000 0.1972 0.3448
113.6000 0.1684 0.1418
113.7000 0.1432 0.1380
113.8000 0.1212 0.3241
113.9000 0.1021 -0.3226
114.0000 0.0857 -0.6084
114.1000 0.0716 -0.0358
114.2000 0.0595 0.0639
114.3000 0.0493 0.0737
114.4000 0.0406 0.1845
114.5000 0.0333 0.2127
114.6000 0.0272 -0.3371
114.7000 0.0221 -0.0032
114.8000 0.0179 -0.7814
114.9000 0.0145 0.3524
115.0000 0.0116 0.2490
115.1000 0.0093 -0.3532
115.2000 0.0074 0.5915
115.3000 0.0058 -0.2210
115.4000 0.0046 0.0769
115.5000 0.0036 0.0611
115.6000 0.0028 0.1471
115.7000 0.0022 -0.3301
115.8000 0.0017 0.1267
115.9000 0.0013 0.1200
116.0000 0.0010 0.2831
116.1000 0.0008 0.1137
116.2000 0.0006 0.2043
116.3000 0.0004 -0.0408
116.4000 0.0003 -0.1547
116.5000 0.0003 0.0115
116.6000 0.0002 0.2010
116.7000 0.0001 0.1169
116.8000 0.0001 0.3692
116.9000 0.0001 0.0907
117.0000 0.0001 0.3353
117.1000 0.0000 0.0782
117.2000 0.0000 0.1750
117.3000 0.0000 -0.0160
117.4000 0.0000 -0.3421
117.5000 0.0000 -0.2780
117.6000 0.0000 -0.3938
117.7000 0.0000 -0.2156
117.8000 0.0000 0.1644
117.9000 0.0000 -0.3803
118.0000 0.0000 0.0186
118.1000 0.0000 -0.0005
118.2000 0.0000 -0.3268
118.3000 0.0000 0.5980
118.4000 0.0000 0.5271
118.5000 0.0000 0.1652
118.6000 0.0000 0.6590
118.7000 0.0000 0.4740
118.8000 0.0000 -0.0964
118.9000 0.0000 -0.0045
119.0000 0.0000 -0.0048
119.1000 0.0000 0.2676
119.2000 0.0000 0.3098
119.3000 0.0000 -0.2795
119.4000 0.0000 0.0597
119.5000 0.0000 0.1151
119.6000 0.0000 0.2170
119.7000 0.0000 -0.2657
119.8000 0.0000 -0.1770
119.9000 0.0000 0.4253
120.0000 0.0000 0.0000
