# time [s], signal A [arb], signal B [arb], signal C [arb]
0.0000 -1.1733 1.2196 3.2250
0.1000 0.2900 0.9194 3.0958
0.2000 1.2179 1.2634 1.7801
0.3000 -0.3110 -0.0963 2.0014
0.4000 0.9354 0.2475 2.4654
0.5000 -0.3468 1.3671 2.6305
0.6000 1.1593 -0.0249 2.9019
0.7000 1.7007 0.3975 2.2765
0.8000 1.6210 0.3222 3.0266
0.9000 0.9823 0.2578 3.6560
1.0000 1.7411 0.5552 1.7614
1.1000 2.0867 0.4874 2.7420
1.2000 0.8047 0.1732 2.9801
1.3000 0.6336 -0.5127 2.2282
1.4000 1.5432 1.0671 2.2258
1.5000 1.4603 1.5517 3.2077
1.6000 2.9656 0.6399 3.6058
1.7000 2.3570 0.8887 2.3725
1.8000 2.2715 1.2530 3.3936
1.9000 3.5672 0.0459 3.3242
2.0000 1.0541 0.3778 3.1440
2.1000 3.3839 0.3443 2.1784
2.2000 2.6950 -0.2878 3.0093
2.3000 2.2483 0.8154 3.2917
2.4000 2.4205 0.0323 2.3226
2.5000 4.5129 0.2642 1.9071
2.6000 2.6793 0.6489 1.9391
2.7000 2.6930 0.9441 2.4812
2.8000 3.0258 0.0752 2.9769
2.9000 2.8275 -0.4098 2.0760
3.0000 1.9678 0.6478 3.3674
3.1000 4.4543 0.2421 2.2069
3.2000 2.2392 0.2083 2.8257
3.3000 3.6467 -0.3918 1.7198
3.4000 1.8681 0.6541 2.8278
3.5000 2.7959 -0.5392 2.0344
3.6000 3.9936 -0.0926 2.1811
3.7000 3.2790 -0.3650 2.1862
3.8000 3.5196 0.8515 1.8979
3.9000 1.8104 0.3666 1.6602
4.0000 4.6536 -0.6364 2.3177
4.1000 6.0259 0.1096 3.2556
4.2000 3.3250 -0.0340 1.6248
4.3000 5.3213 -0.8333 1.6294
4.4000 3.7585 -0.3348 1.8394
4.5000 2.6960 -0.6222 2.0658
4.6000 2.6039 -0.3335 1.6380
4.7000 4.1917 -0.1183 1.2165
4.8000 3.8118 -0.0989 2.2694
4.9000 6.4021 -0.8231 1.4733
5.0000 2.7877 -0.0348 1.4019
5.1000 4.0157 -0.0750 1.6902
5.2000 2.9026 -0.9392 2.2450
5.3000 5.2893 -0.1028 1.0981
5.4000 4.9583 -0.5928 2.7522
5.5000 2.6981 -0.4611 1.3748
5.6000 4.8528 0.0330 1.7081
5.7000 2.5949 -0.4177 1.5117
5.8000 3.7745 -0.8766 1.4149
5.9000 3.0634 0.0455 1.9949
6.0000 2.5703 -1.2986 0.8972
6.1000 1.7698 -0.8707 0.6508
6.2000 4.3538 -0.8902 1.4678
6.3000 4.0327 -1.5435 1.2874
6.4000 5.7246 -0.3294 1.3769
6.5000 4.5568 -0.8310 1.9910
6.6000 3.6871 -0.7292 0.8790
6.7000 4.5057 -0.9998 0.7392
6.8000 2.5001 -1.1400 0.5093
6.9000 2.3268 -0.9243 1.4659
7.0000 2.4681 -0.8560 0.9783
7.1000 2.6438 -0.7755 0.8575
7.2000 2.5792 -0.5755 1.0563
7.3000 4.0192 -0.1583 1.4513
7.4000 2.7395 -0.5773 0.3215
7.5000 3.8145 -1.2829 0.4883
7.6000 3.3108 -0.9429 0.6931
7.7000 2.5366 -0.2330 0.5698
7.8000 3.1065 -0.6198 0.7002
7.9000 3.9551 -0.6260 0.2095
8.0000 6.0030 -1.5629 -0.2668
8.1000 3.5668 -0.5620 0.2973
8.2000 3.0755 -0.9435 -0.4132
8.3000 4.2203 -0.9836 0.1089
8.4000 2.1495 -1.7208 -0.1230
8.5000 0.7505 -0.7143 -0.3343
8.6000 1.7733 -0.6083 0.7335
8.7000 2.3897 -1.2253 -0.6689
8.8000 1.2049 -1.3984 -0.2696
8.9000 1.1742 -0.3418 0.5833
9.0000 0.0668 -0.7377 -0.0946
9.1000 1.9484 -0.4178 -0.7004
9.2000 -0.2846 -1.4507 -0.1235
9.3000 2.3700 -0.7346 -0.4306
9.4000 1.0089 -0.6226 -0.0756
9.5000 1.3596 -0.5268 0.3653
9.6000 -0.4567 -1.5722 0.0441
9.7000 -0.1956 -1.6382 -2.0384
9.8000 0.8317 -1.3114 -0.4830
9.9000 -0.4482 -1.0060 -0.7498
10.0000 1.1747 -0.9241 -0.5632
10.1000 1.1733 -0.6605 -0.2019
10.2000 -0.1609 -0.6195 -0.5051
10.3000 0.8051 -1.0746 -0.6469
10.4000 0.7557 -0.3848 -1.3321
10.5000 1.4887 -0.8382 -1.4406
10.6000 -0.3528 -1.2619 -1.6436
10.7000 1.2318 -1.5199 -0.9456
10.8000 0.1218 -0.8516 -1.3905
10.9000 -1.5256 -1.4659 -1.3019
11.0000 -0.9711 -1.0425 -1.2825
11.1000 -0.4215 -0.2336 -1.2978
11.2000 0.7298 -1.2021 -2.2709
11.3000 -2.3643 -0.4616 -1.1105
11.4000 -0.1933 0.1141 -1.3242
11.5000 -0.4987 -0.2961 -1.4723
11.6000 -2.1352 0.4721 -1.8847
11.7000 -2.1158 0.1583 -1.0597
11.8000 -0.6804 -0.0736 -2.6835
11.9000 -0.4788 -1.0153 -2.1324
12.0000 -1.6931 -0.8125 -2.2571
12.1000 -4.0655 -0.5154 -1.2975
12.2000 0.5136 -0.6109 -1.5038
12.3000 -0.9525 -0.2221 -2.1015
12.4000 -2.9492 -0.4079 -1.9609
12.5000 -1.7975 -0.3393 -2.1707
12.6000 -1.1276 -1.0043 -1.8763
12.7000 -3.6000 -0.7754 -1.8887
12.8000 -2.5330 -0.7700 -1.6218
12.9000 -2.8648 -0.4635 -1.7243
13.0000 -4.2650 -0.0762 -1.9017
13.1000 -3.2579 -1.1202 -2.1398
13.2000 -2.6939 -0.0972 -1.4425
13.3000 -1.9472 0.2556 -1.9967
13.4000 -3.9457 -0.2966 -1.9803
13.5000 -2.3587 -0.0889 -2.1750
13.6000 -4.2769 0.4539 -2.2192
13.7000 -2.4825 0.6962 -2.2158
13.8000 -2.4976 -0.0468 -3.7331
13.9000 -3.6814 -0.7045 -2.2106
14.0000 -3.5795 1.5980 -2.3148
14.1000 -3.1052 0.1135 -2.0695
14.2000 -2.7720 -0.7397 -2.9463
14.3000 -4.6502 0.5615 -2.1760
14.4000 -4.6364 -0.4700 -2.6777
14.5000 -2.2137 0.7467 -3.1686
14.6000 -3.9636 -0.2399 -2.6664
14.7000 -3.9293 0.5721 -2.7134
14.8000 -4.3142 0.3350 -2.0477
14.9000 -1.7304 0.4600 -3.3147
15.0000 -3.4024 0.3865 -2.5263
15.1000 -2.7152 -0.5780 -2.9300
15.2000 -3.8497 0.5729 -3.4640
15.3000 -3.9748 0.8470 -3.1776
15.4000 -3.8474 1.0260 -2.4953
15.5000 -3.4228 0.1930 -2.3752
15.6000 -3.9451 0.4287 -2.9360
15.7000 -5.5850 0.3035 -1.8877
15.8000 -5.4069 0.1347 -2.3190
15.9000 -5.2472 -0.0556 -2.9989
16.0000 -4.3951 0.0572 -3.1698
16.1000 -6.0163 1.0617 -2.1514
16.2000 -3.2021 -0.0530 -2.7707
16.3000 -3.8005 1.4914 -3.3176
16.4000 -4.5276 0.4769 -1.9795
16.5000 -3.5898 0.7779 -3.7433
16.6000 -2.7007 1.3593 -2.8068
16.7000 -5.2443 0.4401 -2.4006
16.8000 -5.0861 1.4939 -3.8106
16.9000 -4.5832 1.0605 -2.7656
17.0000 -5.8664 -0.3701 -1.5016
17.1000 -3.7692 0.9619 -2.8170
17.2000 -2.3104 0.6548 -2.9476
17.3000 -3.3664 1.5468 -2.8692
17.4000 -3.5770 -0.0192 -3.0254
17.5000 -3.1921 1.1359 -2.4306
17.6000 -3.1386 0.3700 -2.2931
17.7000 -3.0424 0.6279 -2.5242
17.8000 -4.6283 0.1025 -3.3314
17.9000 -2.5486 0.9911 -2.8859
18.0000 -2.1216 1.5896 -2.8473
18.1000 -2.0344 0.6556 -2.8180
18.2000 -3.9776 0.6991 -2.9597
18.3000 -3.2768 1.4127 -2.8796
18.4000 -2.3523 0.2051 -2.6811
18.5000 -2.0018 1.4720 -2.5935
18.6000 -3.4667 0.2247 -2.9216
18.7000 -3.9542 1.2779 -2.2691
18.8000 -1.8486 1.6656 -3.0814
18.9000 -2.7429 1.5304 -2.8179
19.0000 -1.2509 1.1134 -1.9936
19.1000 -1.6759 0.9546 -2.1773
19.2000 -2.6037 1.4867 -2.4266
19.3000 -0.9461 1.6256 -2.3046
19.4000 -1.1700 0.3190 -2.8095
19.5000 -2.4270 1.0008 -1.9292
19.6000 -0.5118 1.1931 -2.2925
19.7000 -2.0630 0.5615 -2.1849
19.8000 -3.2656 0.6940 -2.8010
19.9000 -1.3119 0.8094 -1.5225
20.0000 -1.0835 0.4983 -2.3968
20.1000 -2.3586 1.6997 -1.4023
20.2000 -0.8733 1.3196 -2.2472
20.3000 1.3691 0.7031 -1.9541
20.4000 -1.7579 0.7209 -1.9331
20.5000 -1.3622 1.5429 -1.6684
20.6000 -0.1752 1.2121 -2.4802
20.7000 -0.7357 -0.4409 -2.2732
20.8000 1.0948 1.1615 -1.8067
20.9000 -0.0303 1.3145 -1.2648
21.0000 0.4906 1.3724 -2.3063
21.1000 0.5606 1.1845 -1.3239
21.2000 -0.5608 1.1619 -1.3253
21.3000 -0.9142 0.3364 -2.1317
21.4000 0.7281 0.8409 -1.5113
21.5000 -0.5409 0.9107 -0.9625
21.6000 -0.3861 1.1815 -1.0307
21.7000 0.8556 0.5971 -0.8595
21.8000 1.0327 0.5753 -1.2504
21.9000 0.1838 0.4952 -1.2599
22.0000 0.8058 0.6782 -0.8667
22.1000 0.3649 1.2132 -0.9851
22.2000 1.4167 0.1381 -0.8847
22.3000 2.0624 1.7081 -0.7227
22.4000 0.4014 0.1874 -0.7244
22.5000 1.8142 0.7362 -1.2084
22.6000 3.2184 0.6668 -0.7761
22.7000 2.1960 0.5890 -0.2758
22.8000 1.7143 0.8428 -1.9053
22.9000 1.4710 1.0350 -1.2632
23.0000 3.4204 1.0020 -0.4385
23.1000 0.9523 -0.0632 -0.2676
23.2000 2.4097 0.2350 -0.0922
23.3000 1.2543 0.1866 -0.5880
23.4000 3.7732 0.2367 -1.1202
23.5000 3.7739 1.4151 -0.1886
23.6000 2.2637 -0.9902 0.6250
23.7000 1.7968 -0.3046 0.3838
23.8000 1.3429 0.0506 0.2194
23.9000 3.4504 0.4764 -0.0405
24.0000 3.2766 0.1948 0.2995
24.1000 2.7066 -0.3234 0.1956
24.2000 3.9872 0.1334 0.2921
24.3000 2.0464 -0.1170 -0.1140
24.4000 3.5477 0.5276 -0.6351
24.5000 2.8268 -0.2962 -0.3678
24.6000 3.0854 -0.2379 0.1311
24.7000 2.6620 0.0471 0.1205
24.8000 4.6309 -0.5046 0.3777
24.9000 4.4097 -0.1331 0.3431
25.0000 4.3318 0.1636 -0.1534
25.1000 3.3131 0.5404 1.6707
25.2000 4.0488 -0.9384 0.6934
25.3000 5.5773 0.1557 0.5160
25.4000 3.9185 0.3906 1.3170
25.5000 5.0183 -0.0459 0.2596
25.6000 3.0076 -0.3630 1.0293
25.7000 2.6799 0.2505 0.4958
25.8000 5.3284 -0.5172 1.3545
25.9000 2.5207 0.3529 0.8911
26.0000 3.1747 -0.3540 0.6168
26.1000 3.3441 -0.4388 1.2108
26.2000 3.8357 -0.8650 1.0601
26.3000 4.4103 0.1606 1.0945
26.4000 5.2657 0.7271 0.8138
26.5000 5.4063 0.2594 1.0731
26.6000 5.7387 0.0711 1.2161
26.7000 4.5452 -0.7659 1.3919
26.8000 3.4575 -1.1859 1.1011
26.9000 5.2693 -1.0005 2.1512
27.0000 5.3919 -0.6553 1.9913
27.1000 2.7293 0.3733 2.1373
27.2000 2.5933 -0.1830 1.3728
27.3000 4.4411 -0.9779 1.4644
27.4000 3.1964 0.0334 1.5533
27.5000 2.8773 -0.3657 1.6935
27.6000 3.5238 -0.5172 1.7341
27.7000 1.9048 -0.5754 1.4971
27.8000 2.8335 -1.1071 1.6664
27.9000 4.2995 -1.2214 2.4159
28.0000 3.4925 -1.3372 2.3444
28.1000 3.6439 -0.6081 1.5326
28.2000 2.0226 -0.2677 1.5224
28.3000 2.3342 -1.4348 2.9280
28.4000 3.1001 -0.7225 1.1947
28.5000 1.6068 -0.1540 1.4455
28.6000 3.2455 -1.0194 1.9505
28.7000 2.4336 -0.8276 3.1550
28.8000 2.9958 -0.7015 1.4085
28.9000 3.2260 -1.0081 1.7443
29.0000 2.3060 -1.0195 2.4596
29.1000 2.7784 -0.4026 2.1617
29.2000 1.5217 -1.3959 2.0028
29.3000 0.7081 -0.9120 2.6838
29.4000 2.3580 -1.2401 2.6534
29.5000 2.4729 -1.2807 1.8307
29.6000 0.7759 -0.5154 2.4015
29.7000 -0.2756 -1.1788 2.3311
29.8000 2.0084 0.1868 2.1941
29.9000 1.2246 -1.3086 2.5151
30.0000 1.7630 -0.8389 2.4314
30.1000 0.0910 -1.2492 2.9688
30.2000 -0.5216 -0.7166 2.8910
30.3000 -0.4408 -1.4277 1.9990
30.4000 2.7257 -1.4318 2.2945
30.5000 1.3619 -1.1580 3.4227
30.6000 1.0897 -1.7869 2.5035
30.7000 0.9392 -0.2558 2.5824
30.8000 0.3943 -1.9906 3.3194
30.9000 -1.6400 -0.7090 3.4639
31.0000 -0.7409 -0.4359 2.5515
31.1000 -1.6004 -1.4347 2.1607
31.2000 2.7424 -1.1053 2.4408
31.3000 0.7501 -0.6480 2.6106
31.4000 -0.5444 -0.4294 3.4677
31.5000 1.2279 -1.2464 2.3044
31.6000 0.1933 -1.5893 3.1361
31.7000 -0.1146 -0.7842 2.4607
31.8000 -0.8373 -0.4951 3.0752
31.9000 0.4499 -0.9546 2.5325
32.0000 -0.0848 -0.8730 3.1453
32.1000 -0.9921 -1.1725 2.8281
32.2000 -1.1523 -1.0800 2.8652
32.3000 -0.7765 0.1188 2.9462
32.4000 -0.8496 -0.6822 2.3832
32.5000 -0.9993 -0.3217 2.4570
32.6000 -1.5459 -0.3410 2.8939
32.7000 -0.8261 -0.6326 3.2399
32.8000 -1.2332 -0.8527 2.8506
32.9000 -1.1136 -0.8344 3.0556
33.0000 -0.5476 -0.8625 2.8053
33.1000 -0.5978 -0.5053 2.5494
33.2000 -2.2554 -0.9509 2.2769
33.3000 -3.9888 -0.6426 2.8389
33.4000 -2.2804 -0.9786 2.5838
33.5000 -2.7861 -0.4271 2.3257
33.6000 -4.2120 -0.1827 2.6211
33.7000 -0.9799 0.2745 2.9078
33.8000 -2.0828 -1.0293 2.5522
33.9000 -1.8114 0.2181 2.4487
34.0000 -2.5618 0.3487 2.3195
34.1000 -2.8132 -0.4917 1.9617
34.2000 -3.2592 -0.7557 2.8951
34.3000 -3.3949 0.5286 2.7759
34.4000 -1.9428 -0.1596 2.0833
34.5000 -2.7432 -0.9701 3.1026
34.6000 -1.8619 0.7401 2.9563
34.7000 -3.4163 -0.7269 3.1637
34.8000 -5.4775 -0.3283 2.3732
34.9000 -3.0310 0.3755 2.8746
35.0000 -4.1587 -0.3811 3.1485
35.1000 -4.4804 0.2834 2.9296
35.2000 -3.7882 -0.3575 1.9665
35.3000 -2.9968 -0.3119 2.0177
35.4000 -3.6191 -0.2319 1.6653
35.5000 -2.6902 0.9630 1.9960
35.6000 -2.3231 -0.1319 1.8439
35.7000 -5.0325 -0.0145 2.8073
35.8000 -2.6494 -0.4579 1.8587
35.9000 -4.6095 0.6107 2.2025
36.0000 -3.9091 -0.6294 2.3463
36.1000 -4.4903 -0.3117 2.4951
36.2000 -4.1011 0.4151 0.7901
36.3000 -4.2375 0.2982 1.2664
36.4000 -3.9326 -0.2677 2.4017
36.5000 -4.2584 -0.3916 1.8490
36.6000 -3.7179 -0.0737 1.2392
36.7000 -2.6223 0.5407 2.0135
36.8000 -5.5125 0.8697 1.5947
36.9000 -3.7356 0.4037 1.1927
37.0000 -2.9275 0.3903 1.0792
37.1000 -6.3464 0.7325 1.5220
37.2000 -2.6342 0.0811 1.2106
37.3000 -5.1773 0.2292 2.0955
37.4000 -3.5193 -0.2694 1.2763
37.5000 -3.6168 1.1759 1.4116
37.6000 -4.2784 0.3587 1.0808
37.7000 -4.3006 1.7102 1.0608
37.8000 -1.7840 0.9052 0.8337
37.9000 -4.8359 1.3069 2.3534
38.0000 -4.3437 0.4763 0.9951
38.1000 -3.6573 0.6446 2.2148
38.2000 -4.7667 0.9040 0.6332
38.3000 -2.6097 0.5914 1.6752
38.4000 -3.5939 1.4067 1.3251
38.5000 -3.8380 0.9590 0.6717
38.6000 -1.8908 0.1463 0.8181
38.7000 -1.7102 0.0720 1.0006
38.8000 -4.4418 0.2048 1.2394
38.9000 -4.1879 0.8155 0.5097
39.0000 -2.8025 0.8269 1.0243
39.1000 -2.8177 0.4406 0.3460
39.2000 -2.5063 0.7571 1.2337
39.3000 -3.3233 1.9827 0.7755
39.4000 -3.3055 1.1633 0.2274
39.5000 -3.4109 0.4034 0.9864
39.6000 -1.7045 0.7671 0.7644
39.7000 -3.2867 0.8640 -0.6644
39.8000 -2.6055 1.2181 -0.2039
39.9000 -1.7773 0.6382 0.0339
40.0000 -3.1955 0.8027 -1.1371
40.1000 -2.8742 1.3704 0.3165
40.2000 0.6075 1.4843 -0.3549
40.3000 -1.1056 0.2494 -0.1602
40.4000 -1.2900 1.1724 -0.7100
40.5000 -0.4576 2.1446 0.6422
40.6000 -1.4614 1.6906 -0.2821
40.7000 -1.9182 1.3509 -0.1296
40.8000 0.1031 0.9132 0.2699
40.9000 -0.6473 -0.1500 -1.2696
41.0000 -3.1819 1.0717 -0.7038
41.1000 -1.3937 1.7213 0.5177
41.2000 -0.1257 0.4763 -0.2186
41.3000 -0.9720 0.6013 -0.7401
41.4000 -1.6408 1.0126 -1.3490
41.5000 0.6874 0.3925 -1.1400
41.6000 -0.9179 1.4039 -1.3073
41.7000 1.7706 1.2803 -1.0751
41.8000 0.7567 1.2904 -0.5385
41.9000 -1.0536 0.5239 -1.2826
42.0000 -1.2729 0.5055 -0.5792
42.1000 -1.0712 0.3560 -1.0270
42.2000 2.8037 0.8758 -0.2080
42.3000 0.1983 1.0194 -1.5690
42.4000 0.8290 0.0372 -0.9040
42.5000 0.0102 0.2011 -1.6175
42.6000 -0.5194 1.7060 -1.8883
42.7000 0.3450 0.5969 -0.7575
42.8000 1.4969 0.5653 -1.2454
42.9000 2.4468 0.4557 -1.3535
43.0000 1.1020 1.0551 -0.7856
43.1000 0.0644 0.9478 -1.5634
43.2000 1.9615 0.5436 -2.4410
43.3000 1.3002 0.7901 -1.6779
43.4000 1.9917 0.3009 -1.2956
43.5000 0.6262 0.8552 -1.7355
43.6000 1.7475 -0.1808 -2.3749
43.7000 2.1513 1.2011 -0.9308
43.8000 0.8170 0.4210 -1.5266
43.9000 1.3231 1.0276 -2.4251
44.0000 1.5080 0.2742 -2.1440
44.1000 0.6917 0.9624 -1.6720
44.2000 3.2437 1.2047 -1.2266
44.3000 2.7080 0.4093 -2.0445
44.4000 1.4509 0.2416 -2.9988
44.5000 2.4351 1.0592 -2.1746
44.6000 1.2499 0.1858 -2.2389
44.7000 3.5471 1.4001 -2.3052
44.8000 2.4549 0.6162 -2.8734
44.9000 3.3886 0.7094 -2.5057
45.0000 2.7946 0.2681 -2.7304
45.1000 3.1178 -0.2517 -2.7016
45.2000 4.5378 -0.1069 -1.9468
45.3000 3.6199 -0.6275 -1.7509
45.4000 4.2433 -0.3668 -2.6450
45.5000 2.8108 -0.1207 -2.0819
45.6000 3.7214 -0.0353 -2.8312
45.7000 3.5229 -0.0643 -2.5066
45.8000 3.7901 -0.3103 -3.0924
45.9000 4.1806 0.1404 -2.7727
46.0000 2.7887 0.8645 -3.1401
46.1000 3.0807 -0.2032 -2.4777
46.2000 3.6990 0.2203 -2.3245
46.3000 2.3321 -0.1508 -2.9413
46.4000 3.3381 0.4685 -2.9771
46.5000 4.1386 -0.4269 -2.0575
46.6000 3.9737 -1.1341 -2.4521
46.7000 3.8844 -0.1954 -2.8414
46.8000 3.2594 -0.4435 -2.2907
46.9000 3.7480 -0.2446 -3.4602
47.0000 4.0536 -0.5677 -2.1986
47.1000 4.4076 0.6233 -2.6297
47.2000 4.0007 -1.0961 -2.7419
47.3000 4.1948 -0.7706 -2.0708
47.4000 3.2178 0.0018 -2.0266
47.5000 4.8937 -0.6483 -2.5696
47.6000 2.4207 -0.7837 -1.8461
47.7000 5.9017 -0.4265 -2.3944
47.8000 3.0955 -1.3481 -3.5487
47.9000 4.2841 -1.3932 -2.3372
48.0000 3.9832 -0.6890 -3.1507
48.1000 4.7928 -1.0790 -2.4304
48.2000 4.4530 -0.1685 -2.7774
48.3000 5.1753 -0.5416 -2.4814
48.4000 3.6850 -1.6410 -3.0225
48.5000 4.3120 -1.1536 -3.3643
48.6000 4.4597 -1.5842 -2.3692
48.7000 3.3276 -0.4239 -2.4443
48.8000 3.8960 -0.8927 -2.5564
48.9000 4.9958 -0.8328 -2.2519
49.0000 3.7930 -1.0215 -2.9312
49.1000 2.8473 0.2663 -1.9068
49.2000 3.0910 -0.6824 -2.5885
49.3000 3.0031 -0.3470 -2.4081
49.4000 4.3127 -1.0520 -2.2564
49.5000 3.4155 -0.7105 -2.0811
49.6000 2.1276 -1.4804 -2.8880
49.7000 3.1257 -1.1048 -2.4386
49.8000 2.1206 -0.5250 -3.1070
49.9000 4.2667 -1.6591 -1.8612
50.0000 2.4768 -1.1746 -2.5839
50.1000 2.1569 -0.7590 -3.2018
50.2000 1.7472 0.0732 -2.6855
50.3000 1.5730 -1.7234 -3.0635
50.4000 2.6628 -2.6559 -3.1157
50.5000 2.1727 -0.6165 -3.4935
50.6000 3.0713 -0.3165 -2.4456
50.7000 0.6988 -1.6714 -3.1595
50.8000 1.0299 -0.9565 -2.6933
50.9000 2.3655 -0.3414 -2.1932
51.0000 1.2410 -0.9509 -2.3436
51.1000 2.0704 -1.1100 -2.6877
51.2000 0.0295 -1.1787 -1.6512
51.3000 1.7551 -1.4755 -1.6492
51.4000 1.9823 -1.2779 -1.4939
51.5000 2.0241 -1.1619 -2.2717
51.6000 2.5402 -0.8788 -1.6296
51.7000 0.9040 -0.8189 -2.6456
51.8000 -0.3157 -1.1281 -2.4533
51.9000 1.3164 -1.0805 -2.2733
52.0000 1.0951 -1.4801 -1.1908
52.1000 1.1264 -0.5692 -1.9666
52.2000 1.0297 -1.3606 -1.6319
52.3000 0.9528 -0.4928 -2.9117
52.4000 0.2764 -0.1758 -1.7857
52.5000 -0.9277 -1.2861 -1.5972
52.6000 -0.9889 -0.8017 -1.6944
52.7000 0.8350 -1.5977 -1.4340
52.8000 0.1288 -1.4675 -2.0849
52.9000 0.9637 -1.2732 -0.9877
53.0000 0.4182 -1.2767 -2.0939
53.1000 -1.5530 -0.8542 -1.1194
53.2000 -0.4298 -0.5035 -0.2218
53.3000 -0.5316 -0.6812 -2.0659
53.4000 -1.6067 -0.8466 -1.9254
53.5000 -0.0365 -0.5649 -1.3042
53.6000 -2.2698 -0.3077 -0.6126
53.7000 -2.2827 -0.7922 -0.8952
53.8000 -1.3192 -1.0323 -1.9447
53.9000 -0.9916 -1.0499 -1.4737
54.0000 -1.7949 -1.6390 -0.9030
54.1000 -3.6606 -0.5671 -0.4947
54.2000 -2.7543 -0.8375 -1.5478
54.3000 -3.0326 -0.4406 -1.3375
54.4000 -1.0587 -0.2152 -0.7730
54.5000 -2.4333 -0.5559 -1.1652
54.6000 -2.3824 -0.6673 -0.8232
54.7000 -3.1222 -0.5323 -1.0787
54.8000 -1.6346 -0.5484 -0.9980
54.9000 -3.6397 -0.6584 -0.1217
55.0000 -2.5815 0.8913 -0.9206
55.1000 -2.7087 0.2928 -0.9320
55.2000 -4.1051 0.0117 0.1149
55.3000 -4.7483 0.0498 -0.1571
55.4000 -3.5446 -1.6554 -0.7288
55.5000 -3.4348 0.2179 0.2207
55.6000 -3.0735 -0.7378 0.3927
55.7000 -3.2837 -0.4865 1.0103
55.8000 -1.7563 -0.0235 -0.2936
55.9000 -3.9784 -0.4548 0.7037
56.0000 -3.9848 -0.4397 -0.1543
56.1000 -4.1057 0.1198 -0.2510
56.2000 -2.9751 -0.5447 0.4398
56.3000 -4.0740 -0.1382 0.2193
56.4000 -4.8711 -0.0333 -0.0389
56.5000 -4.0499 -0.4555 -0.4683
56.6000 -5.0652 0.5268 0.6396
56.7000 -4.6563 -1.1039 0.2183
56.8000 -2.9349 0.3024 0.3080
56.9000 -3.6127 -0.1018 0.5407
57.0000 -4.4760 0.3196 0.6775
57.1000 -4.2140 -0.0208 1.5812
57.2000 -2.2158 -0.0215 1.0586
57.3000 -5.4741 0.5238 1.3664
57.4000 -3.2803 -0.1974 1.1790
57.5000 -3.0929 1.1585 1.5756
57.6000 -2.9228 0.7261 0.9462
57.7000 -4.0192 -0.0432 0.9827
57.8000 -4.7924 -0.4647 0.6400
57.9000 -4.4109 0.3196 1.0199
58.0000 -3.2016 0.0562 0.3904
58.1000 -2.8903 0.3238 0.5197
58.2000 -3.4985 0.3853 2.1746
58.3000 -4.8220 1.6153 1.4415
58.4000 -4.1760 0.0739 1.3877
58.5000 -4.4228 1.1250 1.2187
58.6000 -5.3181 0.3383 1.6367
58.7000 -4.6400 0.2395 2.1720
58.8000 -3.5119 1.1266 1.6989
58.9000 -3.6499 1.5450 1.6040
59.0000 -4.3664 0.6624 2.2702
59.1000 -2.9931 1.5128 2.2841
59.2000 -2.5793 0.0591 1.8306
59.3000 -4.6417 0.0176 1.9907
59.4000 -4.3752 1.3362 1.2420
59.5000 -5.5281 0.6698 2.1701
59.6000 -4.7405 0.1677 1.8386
59.7000 -3.4970 0.2794 2.6147
59.8000 -4.6412 0.8123 1.4318
59.9000 -4.4301 1.0375 1.7625
60.0000 -3.8240 1.3826 1.6905
60.1000 -1.8942 0.9067 2.0373
60.2000 -2.5530 1.0035 2.3432
60.3000 -1.4216 0.8974 1.8065
60.4000 -1.9296 0.6565 1.7993
60.5000 -2.1793 1.6336 1.1096
60.6000 -2.6102 0.3442 2.8203
60.7000 -3.8191 0.9024 2.6405
60.8000 -2.5917 0.6504 1.6980
60.9000 -1.8576 1.2190 2.9823
61.0000 -2.2156 0.4908 1.1873
61.1000 -3.0467 0.8072 2.8379
61.2000 -2.8426 -0.1715 3.5374
61.3000 -0.9420 1.0052 3.1054
61.4000 1.0270 0.7278 2.7049
61.5000 -0.8009 0.4453 2.2236
61.6000 -1.1782 1.3833 2.8159
61.7000 -2.3685 0.2312 2.3876
61.8000 -0.3871 0.1122 2.5802
61.9000 -1.6811 1.5883 3.0108
62.0000 -0.7108 1.2133 2.1042
62.1000 -1.1034 1.3818 2.2337
62.2000 -1.9044 1.1310 2.4402
62.3000 0.6997 0.7839 2.9701
62.4000 0.0502 1.0714 2.3810
62.5000 -0.3317 0.7718 2.0872
62.6000 -1.2301 1.5706 3.0914
62.7000 0.4190 0.2455 3.9572
62.8000 -0.7837 0.1727 2.8587
62.9000 -0.5219 0.7553 2.8669
63.0000 -2.0295 1.3140 3.4900
63.1000 1.4504 0.5320 2.8168
63.2000 -0.2477 0.8272 2.3966
63.3000 -0.3598 0.6962 2.3772
63.4000 0.2525 0.1315 3.2881
63.5000 0.6308 1.4934 3.0401
63.6000 2.7166 1.1812 3.4792
63.7000 1.4249 1.2297 2.0299
63.8000 1.0324 0.3502 3.1742
63.9000 1.5063 0.7680 2.8976
64.0000 -0.1088 1.5396 2.8470
64.1000 1.4025 1.5157 1.9243
64.2000 0.7803 0.5510 2.4677
64.3000 0.6828 1.1152 2.9168
64.4000 0.4635 -0.0568 2.5835
64.5000 1.3370 0.5725 2.8952
64.6000 1.2099 0.8550 2.5598
64.7000 1.2524 -0.7323 2.8173
64.8000 2.2778 1.4510 3.0113
64.9000 2.7184 0.1197 1.9111
65.0000 3.6109 -0.0722 3.3955
65.1000 2.3116 0.8296 3.3321
65.2000 2.8585 0.8947 2.1767
65.3000 3.4538 0.3920 2.4037
65.4000 2.9704 0.6982 2.4242
65.5000 0.8901 0.3349 2.4202
65.6000 4.5992 -0.2769 1.9122
65.7000 2.7336 0.5893 2.2560
65.8000 2.9114 0.4352 2.1296
65.9000 4.7740 -0.4633 3.0287
66.0000 4.5266 -0.6156 2.2638
66.1000 2.9250 0.2759 1.9939
66.2000 1.8039 -0.5059 3.0159
66.3000 2.7973 -0.0639 2.6847
66.4000 2.9919 -0.1205 2.2720
66.5000 4.5134 0.2265 2.2605
66.6000 4.1084 0.7025 2.0150
66.7000 1.6636 0.5135 3.0127
66.8000 2.3584 0.4764 1.7226
66.9000 3.4180 -0.4150 2.2418
67.0000 4.0238 -0.3960 2.3291
67.1000 4.9261 -0.6024 2.5691
67.2000 3.3105 -0.6591 0.9569
67.3000 2.9942 -0.0916 1.9150
67.4000 3.7175 0.7726 2.5911
67.5000 4.2684 -0.2065 2.4964
67.6000 1.2630 -0.9539 2.4188
67.7000 4.0798 -0.4062 3.0263
67.8000 4.5659 0.5861 1.9840
67.9000 2.8879 -0.4945 1.7967
68.0000 3.9986 0.2686 2.0813
68.1000 1.6545 0.6430 1.7932
68.2000 4.3418 -1.2911 1.7498
68.3000 5.9099 -0.5420 1.3598
68.4000 4.3022 -0.5569 2.3770
68.5000 4.2917 0.2041 1.1571
68.6000 5.1931 -0.8354 1.9892
68.7000 4.2088 -0.8353 1.6809
68.8000 4.4137 -1.0595 1.9366
68.9000 4.4610 -1.0499 1.7920
69.0000 1.7180 -1.2648 2.0973
69.1000 6.4328 -1.1714 1.6428
69.2000 3.5284 0.0253 1.5890
69.3000 4.5100 -1.5519 0.5067
69.4000 2.0217 -1.2306 1.0544
69.5000 4.7238 -0.7837 1.0779
69.6000 3.9967 -0.5245 1.3668
69.7000 4.2279 -1.5257 0.4465
69.8000 4.4274 -0.9168 0.7098
69.9000 4.6960 -1.1032 0.6899
70.0000 3.2031 -0.8089 0.5649
70.1000 3.7844 -0.8057 0.5106
70.2000 2.3685 -1.4240 0.8321
70.3000 5.1465 -1.4955 0.2120
70.4000 0.3452 -0.5747 0.5916
70.5000 2.1125 -0.5916 0.4614
70.6000 3.2036 -1.2122 1.3698
70.7000 3.0088 -0.9033 0.9066
70.8000 2.5397 -0.7729 0.1794
70.9000 1.5192 -1.2704 0.7076
71.0000 2.0402 -0.8660 -0.0469
71.1000 1.2206 -0.7824 0.0596
71.2000 3.7050 -0.7182 -0.0429
71.3000 0.7137 -1.2462 0.4806
71.4000 0.2687 -1.0892 -0.5605
71.5000 0.8547 -1.0230 -0.4683
71.6000 1.2836 -1.3067 -0.2582
71.7000 2.2329 -1.2057 -0.1398
71.8000 2.6150 -1.2075 -0.0936
71.9000 -0.2288 -0.6469 -1.7355
72.0000 0.5310 -0.6940 0.1775
72.1000 0.2203 -0.5947 -0.4084
72.2000 -0.2394 -0.2614 -1.0606
72.3000 0.1324 -1.0021 -0.6608
72.4000 -0.1620 -1.4096 0.0457
72.5000 3.5235 -1.0173 -0.5935
72.6000 0.2173 -0.6811 -0.4738
72.7000 1.0959 -0.9958 -0.3625
72.8000 0.6048 -2.0032 -0.7559
72.9000 -0.1651 -0.7495 -0.5576
73.0000 0.7946 -1.0756 -0.7774
73.1000 -1.2676 -1.5238 0.3676
73.2000 -0.2209 -1.9200 -1.0511
73.3000 1.4903 -1.1483 -1.0799
73.4000 1.1189 -0.7680 -1.0130
73.5000 -1.1677 -1.8065 -1.5541
73.6000 0.1775 -0.9955 -0.2991
73.7000 -0.4474 -1.6684 -0.8948
73.8000 -0.9317 -1.0634 -1.1059
73.9000 -1.9174 -0.6795 -1.7923
74.0000 -0.6584 -0.6784 -2.1482
74.1000 -1.1887 -0.1700 -1.5708
74.2000 -1.7712 -1.1908 -1.2191
74.3000 -2.1450 -0.4535 -0.9725
74.4000 -2.7275 -0.1396 -2.6409
74.5000 -1.9097 -0.5734 -1.0838
74.6000 0.2820 -1.5012 -1.2500
74.7000 -0.9258 -1.0214 -1.5099
74.8000 -1.1720 -0.4674 -1.6958
74.9000 -1.9976 -0.8722 -1.2323
75.0000 -3.0790 -0.9420 -0.9266
75.1000 -2.9332 -0.5485 -1.8981
75.2000 -0.1953 -0.6802 -1.4011
75.3000 -2.7426 0.0226 -1.3729
75.4000 -2.2108 -0.3144 -2.5421
75.5000 -0.3282 0.4754 -2.4164
75.6000 -2.4896 -0.2492 -2.0374
75.7000 -5.1209 0.5253 -2.7837
75.8000 -1.6109 -0.3051 -2.5548
75.9000 -2.8029 -0.8132 -1.2451
76.0000 -2.1561 -0.3380 -2.5122
76.1000 -2.2328 -0.4710 -3.1118
76.2000 -3.3765 0.2661 -2.8287
76.3000 -3.3596 -0.3695 -3.1949
76.4000 -3.7481 0.3660 -2.4279
76.5000 -5.2287 0.2089 -2.7548
76.6000 -4.1323 0.1252 -2.5740
76.7000 -3.0538 0.1214 -2.6750
76.8000 -3.2562 -0.2043 -1.5373
76.9000 -3.2571 0.4699 -2.0960
77.0000 -2.4734 -0.4696 -2.0558
77.1000 -4.1622 0.3200 -1.9748
77.2000 -4.2161 -0.7586 -2.7667
77.3000 -2.4698 -0.4638 -3.2003
77.4000 -5.4042 -0.4008 -2.2069
77.5000 -2.7050 0.2992 -2.6444
77.6000 -4.8584 0.1685 -3.4395
77.7000 -3.1672 -0.8276 -2.9099
77.8000 -5.4395 0.2268 -3.1558
77.9000 -4.2953 0.4165 -3.8843
78.0000 -5.9045 0.8104 -3.2068
78.1000 -4.4368 0.6960 -2.6329
78.2000 -2.8080 -0.2339 -2.8298
78.3000 -2.4589 -0.2849 -2.6297
78.4000 -4.7961 0.2158 -3.1880
78.5000 -4.5939 1.5868 -2.5284
78.6000 -3.1985 -0.5565 -1.8615
78.7000 -2.2151 0.1783 -3.2921
78.8000 -3.8665 0.2667 -3.2330
78.9000 -4.5605 1.0326 -3.1348
79.0000 -2.8022 1.4994 -2.2492
79.1000 -3.7603 0.6217 -3.0244
79.2000 -4.5395 0.2378 -2.4526
79.3000 -3.6346 0.4599 -2.5252
79.4000 -4.2373 -0.3974 -3.1593
79.5000 -3.8114 0.7974 -3.5087
79.6000 -2.8305 -0.0879 -2.9297
79.7000 -6.4183 0.7777 -3.2181
79.8000 -2.8412 0.2405 -2.2000
79.9000 -4.3122 1.3261 -3.1008
80.0000 -4.3161 -0.0382 -1.5462
80.1000 -2.8681 -0.0525 -3.7666
80.2000 -1.8470 0.1375 -2.3207
80.3000 -3.4403 -0.1970 -2.6525
80.4000 -3.6889 0.0002 -2.1828
80.5000 -4.2306 0.8605 -2.5786
80.6000 -3.2959 0.4365 -3.3599
80.7000 -2.3746 0.8164 -3.5816
80.8000 -2.7124 0.2991 -3.9731
80.9000 -1.8888 1.7541 -1.4433
81.0000 -2.3006 0.3770 -1.7169
81.1000 -1.2193 1.2051 -2.6242
81.2000 -3.5172 0.9691 -2.8323
81.3000 -3.6107 0.0607 -1.7893
81.4000 -5.5797 0.2990 -2.6549
81.5000 -0.8984 1.0716 -1.9528
81.6000 -1.2266 0.8003 -1.8711
81.7000 -2.0753 1.7596 -2.8154
81.8000 -1.6428 1.5041 -2.3396
81.9000 -2.8177 0.5460 -2.2853
82.0000 -2.2835 0.3650 -2.0696
82.1000 -1.8080 1.3041 -1.7776
82.2000 -0.2426 1.4009 -1.7163
82.3000 -0.8662 1.0428 -1.6211
82.4000 -2.7493 1.3324 -2.6166
82.5000 -2.8956 0.6904 -2.2000
82.6000 -1.2266 1.2063 -2.2702
82.7000 -1.3854 0.2729 -2.6137
82.8000 -1.8459 1.4698 -1.3891
82.9000 -0.9438 0.5199 -2.9910
83.0000 -0.8173 0.7603 -1.5426
83.1000 -0.5194 0.7616 -2.2839
83.2000 -1.2534 0.8870 -1.6584
83.3000 0.3028 1.6800 -1.7453
83.4000 -1.1612 1.7298 -2.1147
83.5000 0.0106 0.6470 -1.7167
83.6000 -0.3043 0.6793 -2.1243
83.7000 -0.2034 0.5990 -1.0121
83.8000 -0.5441 1.6170 -1.5987
83.9000 -0.8037 1.0990 -2.1299
84.0000 0.7222 0.2915 -1.6537
84.1000 0.5830 0.7468 -1.4212
84.2000 0.6288 1.3292 -2.3714
84.3000 1.6791 -0.1855 -0.8029
84.4000 0.7692 0.4400 -1.6687
84.5000 0.8972 0.7614 -1.6048
84.6000 0.0380 0.6323 -1.5257
84.7000 1.4606 1.2124 -0.9265
84.8000 3.1680 0.9202 -1.3029
84.9000 0.7172 0.2080 -1.0693
85.0000 1.6774 0.8175 0.1304
85.1000 0.2105 0.6535 -1.8452
85.2000 0.3037 0.6247 -1.5654
85.3000 2.3478 -0.3658 -1.5123
85.4000 0.8333 0.3293 -1.4297
85.5000 1.3272 -0.1279 -0.5791
85.6000 0.7723 0.5383 -0.6059
85.7000 1.8773 0.9176 -0.7155
85.8000 2.0859 0.8835 -0.4822
85.9000 2.1083 0.8351 -0.3186
86.0000 2.5712 0.5342 -1.0991
86.1000 2.7907 0.7307 -0.5691
86.2000 3.8514 0.5053 -0.4651
86.3000 0.9307 1.0722 -0.4501
86.4000 3.9103 1.5801 0.5370
86.5000 2.1558 -1.3240 0.0925
86.6000 3.1183 0.2859 -0.1330
86.7000 3.7830 -0.5977 -0.7369
86.8000 2.4325 -0.6468 -0.8033
86.9000 2.5754 0.1777 -0.7216
87.0000 3.8585 -0.6805 -0.3804
87.1000 3.7724 0.8764 0.1473
87.2000 2.1626 -0.0281 0.1984
87.3000 2.9743 0.5107 -0.2627
87.4000 3.1899 -0.1717 0.9206
87.5000 3.4655 -0.3977 -0.3975
87.6000 2.8290 -0.4525 -0.1087
87.7000 3.2133 0.8942 1.2588
87.8000 2.5622 1.4028 0.3860
87.9000 2.1571 0.2589 1.4623
88.0000 4.3798 -0.5456 0.9190
88.1000 4.6465 0.6188 0.0880
88.2000 4.1936 0.0545 0.0244
88.3000 5.6306 -0.7799 1.1767
88.4000 2.9661 0.2696 0.7339
88.5000 5.2896 -0.1319 0.7898
88.6000 3.2441 0.1503 1.5830
88.7000 3.0604 0.6695 0.9140
88.8000 2.2841 -0.2244 0.4091
88.9000 4.3168 -0.1395 0.6461
89.0000 2.3213 -0.0156 0.8783
89.1000 3.1407 -0.2168 1.5574
89.2000 5.0296 -0.0715 0.9451
89.3000 3.1847 -1.2567 1.7089
89.4000 5.0857 -0.0996 0.6736
89.5000 5.8011 -0.0404 1.6139
89.6000 3.4587 -0.2497 0.7434
89.7000 2.4159 -0.7091 0.5536
89.8000 4.8459 -0.6164 1.9184
89.9000 3.8941 -1.0956 1.7131
90.0000 3.7121 -0.1431 0.9057
90.1000 3.1179 -0.7536 0.8500
90.2000 3.8896 -1.0887 1.9781
90.3000 4.1328 -0.8988 2.4143
90.4000 3.3152 -1.0598 1.9146
90.5000 3.4034 -0.7800 2.0908
90.6000 3.6223 -1.1476 3.0339
90.7000 1.6995 -1.3116 2.1063
90.8000 3.0468 0.1568 2.2559
90.9000 2.6958 -0.2624 1.8284
91.0000 2.8056 -1.4470 1.5743
91.1000 2.2322 -0.2167 1.7921
91.2000 2.3360 -0.3622 1.1631
91.3000 4.1680 -0.2384 2.1892
91.4000 5.1764 -1.5837 1.9866
91.5000 3.7090 -1.3691 1.9651
91.6000 2.2679 -0.3837 1.0664
91.7000 1.9405 -0.9913 2.4992
91.8000 1.8484 -1.0060 1.7121
91.9000 2.6266 -1.4159 2.6570
92.0000 2.8400 -0.7296 2.1350
92.1000 1.1033 -0.6878 3.4791
92.2000 0.4354 -0.4595 2.3148
92.3000 1.2272 -1.6659 2.2927
92.4000 1.3248 0.0115 2.3594
92.5000 1.1412 -0.6370 2.1782
92.6000 1.0510 -1.1969 2.5189
92.7000 1.4429 -1.5766 2.1382
92.8000 2.4996 -0.8400 2.4402
92.9000 1.7039 -1.3515 2.5341
93.0000 3.5315 -0.0647 2.9474
93.1000 0.8987 -1.2265 3.0286
93.2000 2.9108 -1.4280 3.5923
93.3000 0.8351 -1.6982 1.6427
93.4000 1.6508 -0.4176 2.9202
93.5000 1.8263 -0.7832 2.6239
93.6000 0.8861 -0.1602 3.5633
93.7000 2.2911 -0.2113 1.7784
93.8000 0.6731 -0.6876 3.0361
93.9000 0.0415 -0.8640 3.1497
94.0000 1.3238 -0.0080 2.7689
94.1000 -0.0056 -0.3217 2.4142
94.2000 3.3989 -0.4207 2.4281
94.3000 1.2648 -1.1897 3.0639
94.4000 -0.1776 -1.5854 3.4723
94.5000 1.3401 -1.4614 3.1927
94.6000 -1.1305 -0.4760 2.7350
94.7000 -0.0954 -0.9447 3.5688
94.8000 -0.8159 -0.2779 2.5685
94.9000 -2.0334 -0.1002 3.0061
95.0000 0.1070 -0.9830 1.8997
95.1000 0.7927 -1.1640 3.0370
95.2000 0.0546 -1.1416 2.7293
95.3000 -0.7694 -1.1628 2.4893
95.4000 -2.4555 -0.4294 3.4013
95.5000 -0.2286 -0.8882 2.2860
95.6000 -1.8842 -0.5172 3.0658
95.7000 -0.3019 -0.2025 2.6923
95.8000 -0.8640 -1.4328 2.1647
95.9000 -1.8283 -0.0475 2.5440
96.0000 -3.8511 0.0991 3.1693
96.1000 -2.7880 -1.2364 2.2528
96.2000 -2.0357 -0.0588 3.1403
96.3000 -3.3155 0.0207 2.9823
96.4000 -2.2493 -0.0810 2.3443
96.5000 -3.4702 -0.3643 1.8732
96.6000 -2.8613 -0.2873 2.6884
96.7000 -3.7047 -0.9098 2.7967
96.8000 -2.9811 -0.8132 2.9506
96.9000 -2.7150 -0.8820 2.6107
97.0000 -2.5706 -0.6727 3.6477
97.1000 -4.0189 -0.4688 2.1242
97.2000 -3.0656 -0.1516 2.9805
97.3000 -4.6118 0.0153 2.5281
97.4000 -4.0793 -0.2358 2.2589
97.5000 -2.5603 -1.1339 1.9940
97.6000 -3.6343 -0.1559 2.1112
97.7000 -2.0746 0.2337 3.0467
97.8000 -3.1166 -0.3971 3.1641
97.9000 -2.0516 0.5456 3.1286
98.0000 -2.9497 0.3627 1.7736
98.1000 -3.5832 0.1769 2.6101
98.2000 -3.4969 -0.7324 3.6475
98.3000 -3.6900 0.0806 1.2022
98.4000 -4.3807 0.5470 2.0073
98.5000 -4.2294 -0.3696 2.1553
98.6000 -4.6883 1.4409 1.6334
98.7000 -4.3381 1.0186 1.6211
98.8000 -4.2371 -0.4633 2.2668
98.9000 -4.5051 0.6484 1.8184
99.0000 -3.8019 -0.4723 2.5287
99.1000 -3.8280 -0.3665 1.9127
99.2000 -4.8754 1.0999 2.9087
99.3000 -3.9219 -0.1573 1.9911
99.4000 -4.1754 0.4678 1.9088
99.5000 -4.6867 -0.3381 1.5971
99.6000 -3.9042 0.5100 1.3446
99.7000 -4.3015 0.2453 1.6070
99.8000 -5.0095 0.6834 0.9180
99.9000 -4.5060 1.4049 1.7341
100.0000 -2.5145 0.2624 1.8040
100.1000 -3.9132 0.9510 1.2167
100.2000 -4.0202 0.7609 1.4597
100.3000 -4.9634 0.3488 1.5653
100.4000 -3.3202 0.5988 1.5843
100.5000 -4.3650 0.9563 1.1498
100.6000 -2.1397 -0.2217 1.4909
100.7000 -4.2086 0.7183 0.9616
100.8000 -3.6937 0.2410 1.9611
100.9000 -3.9195 0.8895 0.0527
101.0000 -3.0729 0.7269 0.9175
101.1000 -2.5772 -0.3387 1.1685
101.2000 -2.9054 0.6133 0.7996
101.3000 -3.5510 0.5175 0.5396
101.4000 -1.9939 0.8974 -0.1286
101.5000 -3.5695 1.1110 0.7749
101.6000 -4.0037 0.6200 0.6722
101.7000 -2.5835 1.5240 0.0530
101.8000 -2.4192 0.8180 1.0334
101.9000 -3.6064 0.3448 2.3015
102.0000 -1.5342 0.8854 0.0890
102.1000 -2.8215 1.1789 0.7459
102.2000 -3.5863 1.8797 1.4416
102.3000 -1.8995 0.7984 -0.4126
102.4000 -2.1652 0.4363 -0.0491
102.5000 -1.8560 1.5158 0.7753
102.6000 -1.7502 1.2881 0.4000
102.7000 -2.5051 0.8421 0.2338
102.8000 -3.4427 0.6738 0.0174
102.9000 -2.8208 0.9200 0.2531
103.0000 -1.9185 0.9191 -0.2102
103.1000 -2.5541 0.4550 0.7090
103.2000 -2.0210 1.9852 0.0829
103.3000 -1.8392 0.9712 -0.3775
103.4000 -1.9521 1.8354 -0.1771
103.5000 -1.1122 1.4941 -0.6399
103.6000 -1.1536 0.6843 -1.1767
103.7000 0.5364 1.6735 -0.0969
103.8000 -1.1587 1.3742 -1.0099
103.9000 -0.2719 0.8508 -0.2616
104.0000 -0.3536 0.6373 0.1985
104.1000 -0.6253 0.7435 -0.1960
104.2000 0.0258 1.3330 -0.2933
104.3000 -0.0677 0.5667 -0.0181
104.4000 -1.5025 0.2897 -0.3013
104.5000 0.3506 1.4377 -0.1161
104.6000 0.2195 1.0231 -0.6151
104.7000 2.6207 0.7674 -0.7094
104.8000 -1.2751 1.2321 -0.6184
104.9000 -0.0162 0.5967 -0.7596
105.0000 1.9863 1.2039 -0.6689
105.1000 1.3242 -0.2753 -0.8269
105.2000 0.5968 0.6491 -1.2206
105.3000 0.1307 0.9259 -1.8739
105.4000 1.4247 0.8071 0.1760
105.5000 0.3953 1.1300 -1.2225
105.6000 1.0979 0.4393 -0.8958
105.7000 1.0221 0.8663 -0.8683
105.8000 1.6863 0.9399 -1.2256
105.9000 0.3145 -0.2262 -1.0884
106.0000 0.9544 0.6188 -1.3072
106.1000 1.0806 0.3778 -1.5852
106.2000 3.0136 1.1994 -0.9555
106.3000 2.2040 0.2078 -2.0703
106.4000 2.1900 1.0935 -2.5523
106.5000 3.1986 0.5865 -1.6329
106.6000 3.7883 0.9569 -2.0925
106.7000 1.2829 -0.1294 -2.0205
106.8000 3.0923 0.7543 -1.8695
106.9000 1.7606 0.2465 -1.8848
107.0000 0.5299 0.5892 -2.6686
107.1000 3.3098 -0.2640 -1.8125
107.2000 4.1883 -0.3346 -2.5081
107.3000 2.9084 0.2998 -1.9197
107.4000 2.4380 -0.2301 -2.7181
107.5000 2.5360 -0.5121 -2.8845
107.6000 2.5903 0.6931 -2.5974
107.7000 2.7089 0.2436 -2.4512
107.8000 1.9250 -0.0039 -3.7153
107.9000 1.7008 0.4402 -2.1345
108.0000 3.6424 -0.0319 -2.1745
108.1000 3.2753 -0.0486 -3.2026
108.2000 2.2150 -0.0726 -3.3636
108.3000 2.8349 0.7846 -3.1097
108.4000 3.3956 0.1401 -2.6063
108.5000 2.8742 0.6515 -1.3652
108.6000 2.2389 0.5676 -3.1395
108.7000 4.2963 0.5243 -2.0401
108.8000 3.7420 0.3958 -1.8740
108.9000 4.9025 0.5195 -2.6128
109.0000 4.8102 -0.1217 -2.6621
109.1000 4.3380 0.3879 -2.6797
109.2000 3.4661 0.1179 -1.6840
109.3000 4.7642 -0.0585 -1.9695
109.4000 4.7530 -0.4480 -2.5042
109.5000 3.2064 -0.0867 -2.9002
109.6000 3.4680 -0.4712 -1.9741
109.7000 3.1732 -0.1374 -1.9069
109.8000 6.5686 -0.3236 -3.4228
109.9000 5.1850 -0.5916 -2.9925
110.0000 2.1586 0.0751 -2.8587
110.1000 4.7471 -1.1382 -3.1044
110.2000 3.3277 -1.2051 -2.9755
110.3000 4.7467 -0.7506 -2.6381
110.4000 3.4152 -0.3053 -2.6697
110.5000 4.3442 -1.1504 -2.8742
110.6000 3.2278 0.4000 -2.9648
110.7000 4.1589 -0.7618 -2.9600
110.8000 2.6327 -0.8905 -3.6639
110.9000 5.3559 -0.6258 -2.6373
111.0000 3.8482 -0.9258 -2.3245
111.1000 3.5530 0.0321 -2.3533
111.2000 4.4497 0.3298 -2.7519
111.3000 3.7917 -0.8450 -3.1751
111.4000 3.8599 -1.0126 -2.7425
111.5000 2.7418 -0.1798 -2.8886
111.6000 3.9269 -0.9051 -2.9298
111.7000 4.7119 -0.9317 -3.5005
111.8000 4.3112 -0.4961 -2.4742
111.9000 3.1632 -0.7073 -2.8241
112.0000 3.1114 -0.8364 -3.8071
112.1000 2.5360 -0.4694 -2.3104
112.2000 4.1757 -0.8422 -3.4017
112.3000 2.5776 -0.9946 -3.7749
112.4000 2.5325 -0.9707 -2.3066
112.5000 1.2264 -1.0174 -2.9551
112.6000 3.7105 -1.4772 -2.8173
112.7000 2.1540 -0.8710 -2.1840
112.8000 2.1978 -0.7062 -2.5647
112.9000 1.5006 -0.9138 -2.3548
113.0000 2.5580 -1.1109 -1.9328
113.1000 0.8577 -1.2303 -2.3048
113.2000 2.1499 -1.1819 -2.6456
113.3000 1.9213 -0.2066 -2.5150
113.4000 1.7069 -0.2106 -2.1728
113.5000 3.4308 -1.4153 -2.8187
113.6000 0.2815 -1.3954 -2.6902
113.7000 2.4573 -1.3735 -2.4672
113.8000 0.9130 -1.1494 -2.1420
113.9000 1.5936 -0.9069 -2.2354
114.0000 1.9067 -1.6093 -2.2549
114.1000 1.2898 -0.3459 -2.7375
114.2000 2.0758 -1.0099 -2.6300
114.3000 1.1162 0.3747 -2.9656
114.4000 2.6313 -1.4053 -1.7180
114.5000 0.3673 -0.6105 -1.9988
114.6000 1.6941 -1.3502 -1.1818
114.7000 3.1033 -0.9453 -1.2307
114.8000 0.8686 -0.7064 -1.6020
114.9000 0.9929 -0.1826 -2.0265
115.0000 1.8093 -1.9183 -2.5838
115.1000 -0.4352 -0.6767 -1.9632
115.2000 2.1257 -0.8595 -1.4180
115.3000 0.3650 -0.8195 -1.4910
115.4000 1.2022 -1.0822 -1.5772
115.5000 0.2559 -0.2625 -1.1214
115.6000 0.9819 -1.5280 -1.5114
115.7000 -0.0717 -0.4843 -1.8599
115.8000 -0.8836 -0.8004 -1.9991
115.9000 -1.7434 -1.3457 -1.2851
116.0000 0.8620 -0.4543 -1.9496
116.1000 -1.0241 0.0549 -1.0055
116.2000 -0.8818 -1.3582 -1.1745
116.3000 -1.3942 -0.9207 -1.7485
116.4000 -1.9421 -1.5536 -1.8065
116.5000 -2.4538 -0.1964 -2.0620
116.6000 -2.8864 -1.3801 -0.6592
116.7000 -2.6876 -0.6815 -1.7733
116.8000 -2.6209 0.3061 -1.0670
116.9000 -0.7788 -0.2046 -0.6621
117.0000 -2.3807 -0.6467 -1.0972
117.1000 -1.4955 -0.3819 -1.2286
117.2000 -2.7510 -1.1945 -0.3873
117.3000 -2.7451 -0.2384 0.0742
117.4000 -2.7329 -0.0573 -1.2746
117.5000 -2.6921 -0.2063 -0.3420
117.6000 -3.0667 0.0588 -1.4416
117.7000 -2.7089 -0.7008 -0.4901
117.8000 -2.9385 -0.4480 0.0841
117.9000 -3.9120 -1.0130 -1.0876
118.0000 -3.4335 -1.1509 -0.3878
118.1000 -3.0214 0.4455 -0.9419
118.2000 -4.0480 -0.1395 -1.0343
118.3000 -4.0980 -0.1377 0.0547
118.4000 -3.6753 -1.7336 -0.1020
118.5000 -0.5537 -0.6176 0.0572
118.6000 -3.4349 0.5823 0.4800
118.7000 -2.5776 0.2809 -1.1809
118.8000 -3.3110 -0.1933 -0.7786
118.9000 -2.9423 0.4368 1.0837
119.0000 -3.4985 -0.2113 0.2942
119.1000 -3.5183 0.5010 -0.3680
119.2000 -4.3473 1.0119 0.5961
119.3000 -5.2179 0.0207 -0.0067
119.4000 -2.9722 -0.4930 -0.6586
119.5000 -2.3976 0.7719 1.4801
119.6000 -1.4511 0.0868 0.5564
119.7000 -2.0077 0.8787 0.4247
119.8000 -5.5857 0.3529 0.7541
119.9000 -4.5472 1.3489 1.2844
120.0000 -4.0640 0.3624 1.1042
