# time [arb], signal A [arb], signal B [arb], signal C [arb]
0.0000 0.6782 1.4106 1.8616
0.1000 -0.0805 0.3168 1.8836
0.2000 0.5936 -0.0540 3.1241
0.3000 1.2606 1.6444 3.6034
0.4000 0.0934 1.0502 3.6597
0.5000 1.6903 0.5396 3.1146
0.6000 -0.4021 0.8725 3.2985
0.7000 0.2454 1.1368 1.8958
0.8000 1.9613 1.4169 2.0961
0.9000 2.4480 0.7697 2.3154
1.0000 1.4493 0.5803 3.4370
1.1000 1.6542 1.1651 2.0626
1.2000 0.7231 0.9658 3.7890
1.3000 0.5111 1.3725 2.3006
1.4000 -1.1410 1.2089 2.2394
1.5000 2.4928 0.3677 3.0990
1.6000 1.0693 0.5053 1.8771
1.7000 3.9063 -0.5746 1.9542
1.8000 2.6895 0.5651 3.2543
1.9000 2.1379 0.9337 1.7356
2.0000 3.1096 -0.3122 2.4760
2.1000 3.9173 0.8237 2.6276
2.2000 2.4629 -0.0621 3.0752
2.3000 3.0928 0.8806 2.2971
2.4000 2.8354 0.5528 2.4224
2.5000 3.6183 0.2841 2.6535
2.6000 1.6139 -0.9132 2.4298
2.7000 3.4652 -0.1933 2.6574
2.8000 3.9864 0.4940 3.7217
2.9000 1.0687 0.2379 2.2960
3.0000 3.2460 -0.5188 2.9085
3.1000 2.9698 -0.2818 2.5088
3.2000 3.0627 0.5130 2.8427
3.3000 3.0493 0.1765 2.5539
3.4000 1.3433 0.8808 1.9893
3.5000 4.4725 0.3454 2.2974
3.6000 4.1896 0.3719 1.3028
3.7000 3.9610 0.0897 3.1811
3.8000 5.3873 -1.1140 2.0511
3.9000 3.3989 -0.1692 3.0823
4.0000 6.5079 -0.4610 1.1244
4.1000 3.8152 0.3941 2.7206
4.2000 3.1258 -0.0885 2.2734
4.3000 5.3713 -0.0859 1.9173
4.4000 2.6558 0.0685 2.0538
4.5000 5.9913 -0.3223 2.8761
4.6000 4.8808 0.0973 2.0750
4.7000 1.8916 -1.0621 2.2199
4.8000 1.7986 -0.3325 2.6036
4.9000 3.8134 -0.2041 2.0102
5.0000 3.7191 -0.3530 2.3391
5.1000 4.1672 -0.6778 2.8701
5.2000 3.2752 0.1984 1.9965
5.3000 4.3190 0.0059 1.9404
5.4000 6.3245 -0.8849 1.5277
5.5000 4.8169 -0.3717 3.0381
5.6000 1.5275 -0.5051 1.4907
5.7000 5.1564 -0.7766 1.1168
5.8000 2.9755 0.1131 0.4305
5.9000 4.6213 -0.2717 1.3782
6.0000 2.9636 0.0816 1.6589
6.1000 3.2614 -0.6918 2.0205
6.2000 5.0762 -0.5385 1.0246
6.3000 4.3244 -0.6735 1.0537
6.4000 4.4774 -0.0730 1.1694
6.5000 3.9435 -0.4535 1.5521
6.6000 1.7557 -0.1924 1.5510
6.7000 2.0444 -1.1458 0.9575
6.8000 2.2349 -1.5669 1.2222
6.9000 2.9093 -0.1429 0.2662
7.0000 4.2941 -0.3201 0.7414
7.1000 5.1349 -1.1797 0.8376
7.2000 2.5484 -1.2439 0.8844
7.3000 2.1867 -0.7771 0.1688
7.4000 3.1612 -0.3704 1.5717
7.5000 1.1334 -0.9153 0.4862
7.6000 2.1439 -1.2258 0.7851
7.7000 2.8123 -1.3371 0.1971
7.8000 3.5370 -0.9105 0.7058
7.9000 3.0847 -1.2957 0.3621
8.0000 2.1474 -0.3300 0.5203
8.1000 2.9617 -1.1640 1.1858
8.2000 3.1315 -0.2272 -0.0569
8.3000 4.8986 0.0381 1.0849
8.4000 2.3316 -0.0775 0.2573
8.5000 1.6878 -1.3881 0.5392
8.6000 1.9154 -0.9219 0.6158
8.7000 3.4154 -0.9523 -0.2864
8.8000 1.4791 -0.4813 0.0913
8.9000 1.9741 -0.3497 -0.3365
9.0000 2.1310 -1.9570 -0.1524
9.1000 2.6896 -1.4847 -0.8323
9.2000 2.2190 -1.7571 -0.6382
9.3000 1.2849 -1.9856 -0.1775
9.4000 0.0614 -0.7281 -0.6932
9.5000 1.0273 -0.4139 -1.1170
9.6000 0.6825 -1.9318 -0.7335
9.7000 0.0607 -1.1278 -0.5540
9.8000 0.5206 -0.8439 -0.4428
9.9000 2.0426 -0.7559 0.1548
10.0000 0.9511 -0.8854 -1.5140
10.1000 -0.8111 -1.5260 -0.0932
10.2000 1.8621 -1.2208 -0.8809
10.3000 0.4842 -0.5249 -0.9041
10.4000 0.4769 -0.5343 -0.8741
10.5000 -0.1769 -0.7558 -1.1625
10.6000 -2.6730 -0.9097 -0.9949
10.7000 -0.2968 -0.6684 -0.9395
10.8000 0.0470 -0.4083 -0.1234
10.9000 -2.5507 -0.0770 -1.7859
11.0000 -1.4010 -1.1294 -1.5349
11.1000 -2.1265 -0.8827 -1.0461
11.2000 -0.4899 -1.3174 -1.0175
11.3000 -0.9685 -1.0741 -1.9793
11.4000 -2.0396 -0.7784 -0.8274
11.5000 0.4066 -0.1262 -1.1362
11.6000 -1.5250 -0.1600 -2.0889
11.7000 -0.4560 -1.0001 -1.9041
11.8000 -2.9567 -1.5737 -1.0159
11.9000 -2.5378 -1.2455 -0.7988
12.0000 -2.3784 -0.6696 -2.5844
12.1000 -0.4801 -0.2909 -2.1366
12.2000 -1.7952 -0.4518 -2.6556
12.3000 -3.4782 -0.6062 -1.6512
12.4000 -3.5407 -0.5586 -0.9770
12.5000 -1.6880 -0.4467 -2.5951
12.6000 -2.0094 0.0003 -2.1014
12.7000 -2.0469 -0.9496 -1.6943
12.8000 -4.1602 -1.0401 -1.7868
12.9000 -1.5485 -1.1720 -1.6347
13.0000 -4.0145 -0.3154 -2.3935
13.1000 -2.6181 -0.5128 -1.8866
13.2000 -2.4225 -0.1834 -1.1614
13.3000 -4.6344 0.4338 -1.7222
13.4000 -3.5481 -0.3118 -1.6153
13.5000 -6.6519 -0.6138 -3.0370
13.6000 -4.7986 -1.0251 -0.8733
13.7000 -4.3799 0.2902 -1.4736
13.8000 -4.1174 -0.5257 -2.8106
13.9000 -2.8052 -0.1970 -2.1102
14.0000 -3.8936 0.0813 -1.8066
14.1000 -3.2728 -0.4581 -2.3487
14.2000 -3.6465 0.0241 -2.5201
14.3000 -4.9824 1.2172 -1.6047
14.4000 -4.3652 -0.2117 -2.6342
14.5000 -3.4302 -0.1612 -2.4697
14.6000 -2.9090 0.4082 -3.1166
14.7000 -3.2339 0.6149 -3.1228
14.8000 -4.5135 0.7146 -3.0552
14.9000 -4.5778 0.5068 -2.8332
15.0000 -3.5722 0.0356 -2.2729
15.1000 -2.4755 -0.4550 -2.9575
15.2000 -5.5338 0.4685 -1.8254
15.3000 -5.2378 1.1130 -2.3075
15.4000 -3.7570 1.0851 -2.8360
15.5000 -5.0677 0.9626 -2.6367
15.6000 -4.4145 -0.1583 -2.4100
15.7000 -4.9534 -0.3293 -3.8405
15.8000 -6.2689 0.8996 -2.7425
15.9000 -4.6302 -0.0788 -3.1210
16.0000 -3.2980 0.6833 -2.2629
16.1000 -5.9704 0.9141 -2.3385
16.2000 -4.3869 1.2333 -2.8907
16.3000 -1.8681 1.5203 -2.6474
16.4000 -4.7529 0.0540 -3.0761
16.5000 -3.2536 1.5113 -2.4658
16.6000 -2.6009 0.3933 -3.4594
16.7000 -2.4488 0.7217 -2.6829
16.8000 -2.4246 0.0581 -3.8034
16.9000 -3.8269 0.9140 -3.0679
17.0000 -3.8245 0.7625 -3.0189
17.1000 -3.5160 0.5282 -2.8711
17.2000 -4.1780 0.9481 -1.9582
17.3000 -3.9546 0.7833 -2.5800
17.4000 -2.8643 -0.3894 -3.3337
17.5000 -2.5135 -0.3920 -3.1498
17.6000 -1.3956 0.5896 -2.1578
17.7000 -4.2262 1.0143 -3.1190
17.8000 -4.7714 0.5076 -1.8873
17.9000 -1.7300 1.4334 -2.5995
18.0000 -4.2598 0.3683 -2.6545
18.1000 0.0814 0.5808 -2.6686
18.2000 -1.6761 1.7725 -2.9845
18.3000 -4.8969 1.3912 -1.3783
18.4000 -3.1317 0.3651 -2.3996
18.5000 -1.5212 0.3258 -2.8668
18.6000 -1.8837 1.3641 -2.5236
18.7000 -2.0949 0.8863 -2.1011
18.8000 -3.0154 1.1263 -2.5485
18.9000 -3.3968 0.7235 -2.9162
19.0000 -1.2621 0.9762 -2.3234
19.1000 -2.3074 0.3990 -1.9687
19.2000 -1.8622 -0.2655 -2.2981
19.3000 -1.9464 1.1782 -2.3312
19.4000 -1.1057 0.4973 -2.3706
19.5000 -3.6533 1.0112 -2.9708
19.6000 -3.5016 0.9488 -1.8170
19.7000 0.0229 1.4211 -2.9213
19.8000 -1.0463 0.3282 -2.6211
19.9000 0.5193 0.9435 -2.6600
20.0000 -1.4261 0.8222 -1.5377
20.1000 -1.6723 0.8195 -2.1327
20.2000 -0.4210 1.4879 -1.5393
20.3000 -0.0354 1.6153 -1.0755
20.4000 0.4494 1.3123 -2.1754
20.5000 -1.1526 0.1894 -1.0919
20.6000 -1.0735 1.1797 -1.6110
20.7000 1.0273 1.3281 -1.3719
20.8000 0.9084 0.9018 -1.4610
20.9000 -1.4781 0.7747 -2.2609
21.0000 0.4776 1.8734 -1.3010
21.1000 0.1646 0.9116 -2.6703
21.2000 0.1996 1.8994 -1.0754
21.3000 1.4233 1.4305 -1.0875
21.4000 -1.7508 1.3428 -0.5701
21.5000 2.1356 0.0571 -0.8967
21.6000 -0.2163 1.3736 -2.5953
21.7000 0.2252 0.5119 -1.6120
21.8000 1.1502 0.3133 -1.1631
21.9000 -0.2635 -0.3102 -0.9908
22.0000 1.8079 1.3460 -0.4910
22.1000 2.6201 1.0980 -0.8291
22.2000 4.5414 1.2175 -1.5329
22.3000 2.0756 1.4433 -1.3041
22.4000 2.6612 0.4584 -0.9537
22.5000 2.9352 1.3469 -1.0624
22.6000 -0.6209 0.5948 -1.4715
22.7000 0.4457 0.2960 -1.1057
22.8000 2.3756 0.2764 -0.7484
22.9000 0.2774 0.5870 -0.3988
23.0000 1.8706 0.4337 -0.8675
23.1000 1.1075 0.4463 -1.4042
23.2000 1.4630 0.4670 -0.5390
23.3000 1.6894 -0.0279 -0.8421
23.4000 2.8786 0.8178 -0.9077
23.5000 2.7700 0.6952 -0.8123
23.6000 3.3579 0.4526 -0.3686
23.7000 3.5528 1.0997 -0.3929
23.8000 2.6922 0.0643 -0.4847
23.9000 4.0695 -0.7120 -0.1574
24.0000 1.8863 -0.1513 -1.1333
24.1000 1.6303 0.8815 -0.2467
24.2000 3.6854 0.2256 0.5567
24.3000 4.9552 0.1759 -0.1270
24.4000 1.8405 -0.1055 1.1367
24.5000 2.4395 0.6359 -0.2831
24.6000 3.4589 0.7073 -0.4799
24.7000 3.5127 0.5435 0.7760
24.8000 4.0311 0.2544 0.4955
24.9000 4.0031 0.0027 0.0462
25.0000 4.4796 -0.5549 0.3558
25.1000 5.1060 -0.7022 0.3072
25.2000 4.3251 -0.0219 1.1437
25.3000 3.3715 -1.0106 0.6713
25.4000 4.3411 -0.7354 0.5964
25.5000 3.7159 -0.2343 0.7710
25.6000 4.6303 -0.3576 0.8709
25.7000 4.2160 -0.7859 1.3100
25.8000 3.9733 -0.4761 0.7217
25.9000 4.7650 -0.2216 0.6541
26.0000 4.9437 -0.3318 0.8980
26.1000 3.9212 0.2734 0.1564
26.2000 4.4958 -0.1002 1.2793
26.3000 2.4274 -0.2081 1.1712
26.4000 3.4967 -0.7400 1.5916
26.5000 3.8772 -0.9391 1.4364
26.6000 3.6304 0.8059 1.0513
26.7000 4.3646 -0.6077 0.9613
26.8000 4.4815 -0.2958 0.5609
26.9000 4.5651 -0.3707 0.6471
27.0000 2.2779 -0.3818 1.4489
27.1000 4.4562 -0.3382 0.9257
27.2000 2.4159 -0.6974 1.1556
27.3000 5.1052 0.0604 1.9025
27.4000 4.0835 -0.7487 1.7443
27.5000 2.8798 -0.7213 1.1211
27.6000 2.3919 -0.9827 2.6026
27.7000 2.2918 -0.2863 0.0500
27.8000 4.1228 -1.6955 1.9902
27.9000 1.9484 -0.9522 2.1030
28.0000 2.2153 -1.8887 1.9604
28.1000 4.0032 0.6205 1.4635
28.2000 2.9302 -1.1497 2.4698
28.3000 5.0084 -0.8277 2.2963
28.4000 1.5828 -1.4461 1.0541
28.5000 2.8525 -0.8493 3.0747
28.6000 3.7695 -0.7560 1.7485
28.7000 1.0856 -0.8807 1.9045
28.8000 0.9705 -0.5370 1.6397
28.9000 2.6059 -1.5392 2.2619
29.0000 3.7521 -0.4968 2.1937
29.1000 1.6731 -1.2260 1.7834
29.2000 2.2607 -1.4184 2.3849
29.3000 3.7332 -0.9491 2.6563
29.4000 1.9433 -1.0227 2.5197
29.5000 2.7552 0.3904 2.8668
29.6000 1.5435 -0.5679 2.7243
29.7000 3.1441 -0.7799 2.2510
29.8000 2.7448 -1.2817 3.4458
29.9000 0.5402 -1.4357 2.4136
30.0000 2.4408 -1.0832 2.0464
30.1000 1.8193 -1.0351 2.9804
30.2000 1.4827 -0.5763 2.9532
30.3000 0.9944 -1.0736 2.8076
30.4000 0.5332 -0.9393 3.0320
30.5000 -1.0551 -0.7351 2.4625
30.6000 0.5410 0.0698 1.7009
30.7000 1.1708 -1.1922 3.4216
30.8000 1.4846 -0.8960 2.9751
30.9000 2.6456 -0.9245 3.0825
31.0000 -1.5534 -0.8380 2.1061
31.1000 0.5817 -1.3265 3.1178
31.2000 2.2868 -1.1934 2.4854
31.3000 -0.9461 -0.7331 2.9114
31.4000 -0.3630 -0.6832 2.6003
31.5000 -0.1285 -0.3466 2.3166
31.6000 1.7510 -1.3559 2.6519
31.7000 -0.4999 -1.0349 3.5637
31.8000 -0.8446 -0.9432 2.7127
31.9000 0.9584 -0.4971 2.2090
32.0000 -0.6012 -0.1913 2.4858
32.1000 -1.1281 -0.7998 2.7187
32.2000 -0.3316 -0.0977 3.1106
32.3000 -1.7216 -0.7094 2.3619
32.4000 -1.2539 -0.2554 2.6382
32.5000 -1.3326 -0.9336 2.6703
32.6000 -2.3716 -0.9683 2.7337
32.7000 -2.2633 -0.4633 3.1914
32.8000 -1.9798 -0.6049 2.6797
32.9000 -2.3279 -0.4740 2.3907
33.0000 -1.2952 -1.4645 3.5403
33.1000 -1.1318 -0.7409 3.5073
33.2000 -1.4934 -1.5808 3.2643
33.3000 -1.6072 -0.5556 3.2619
33.4000 -1.3086 0.0838 3.1862
33.5000 -1.1830 -0.2631 3.4873
33.6000 -3.5143 -0.4090 2.3329
33.7000 -3.6587 0.4316 2.5322
33.8000 -1.8581 -1.4695 2.1930
33.9000 -3.2725 -0.2007 1.6543
34.0000 -2.6163 -0.7973 2.6120
34.1000 -2.7258 -0.1198 2.1029
34.2000 -3.7578 -0.6550 2.9066
34.3000 -2.2752 0.0622 2.4267
34.4000 -2.1164 0.3688 2.9967
34.5000 -3.6251 -0.4628 2.7479
34.6000 -2.0574 0.3921 1.6683
34.7000 -2.9347 -0.5012 2.8767
34.8000 -4.1508 -0.4994 2.6203
34.9000 -4.0822 -0.2072 2.6571
35.0000 -1.6002 -0.7189 1.5720
35.1000 -2.6343 -0.8526 2.3354
35.2000 -2.7783 -0.1825 1.5796
35.3000 -3.5955 0.5734 2.0098
35.4000 -2.7004 -0.4606 1.5011
35.5000 -4.6777 0.3424 1.9978
35.6000 -3.5016 -0.2217 1.3630
35.7000 -3.6364 0.1165 2.0552
35.8000 -3.3254 0.1621 1.2793
35.9000 -4.9720 -0.3425 2.4920
36.0000 -1.4278 0.2603 2.1060
36.1000 -4.7129 0.0637 2.3409
36.2000 -3.5835 0.4436 2.4756
36.3000 -2.4342 0.3797 1.6018
36.4000 -3.2593 0.5301 1.5932
36.5000 -4.5917 -0.0579 2.2301
36.6000 -3.4584 0.4636 2.1328
36.7000 -3.0042 1.0283 2.6152
36.8000 -2.6374 -0.2715 0.8669
36.9000 -2.5623 1.0983 1.3458
37.0000 -2.0137 0.5977 1.2334
37.1000 -5.7273 0.8215 1.4151
37.2000 -4.2045 0.7982 2.9788
37.3000 -4.3361 -0.6547 1.0766
37.4000 -3.5313 0.5401 1.2682
37.5000 -5.6007 0.6894 1.2689
37.6000 -3.3337 1.5260 1.3433
37.7000 -4.5140 0.5989 1.0917
37.8000 -3.6198 0.3862 2.0752
37.9000 -5.5070 0.4263 1.7115
38.0000 -4.4033 1.7621 1.6424
38.1000 -2.8421 1.0237 1.2700
38.2000 -3.5156 0.8553 2.0456
38.3000 -4.3080 0.3121 1.1950
38.4000 -2.4456 1.2849 1.2056
38.5000 -4.5453 0.2872 -0.1052
38.6000 -2.2141 0.1690 1.5060
38.7000 -3.5362 0.4909 -0.0293
38.8000 -1.8367 1.1033 0.3031
38.9000 -1.9417 0.3233 1.9819
39.0000 -2.3578 1.4288 -0.0114
39.1000 -3.1107 1.6017 0.3010
39.2000 -1.9676 1.0314 1.3310
39.3000 -2.7670 0.9438 0.8917
39.4000 -1.7659 0.7042 0.8846
39.5000 -1.5813 0.6405 -0.3211
39.6000 -1.4855 1.4726 -0.1015
39.7000 -1.1281 0.2179 0.3319
39.8000 -3.3385 0.5409 -0.3577
39.9000 -2.8940 0.7891 -0.1555
40.0000 -3.7578 1.3365 -0.3031
40.1000 -1.5728 -0.1112 0.5313
40.2000 -0.6344 -0.3507 0.5417
40.3000 -1.2973 1.2478 0.0424
40.4000 -2.9502 0.6026 0.6600
40.5000 -2.7320 1.4643 -0.5875
40.6000 -0.8217 0.5352 0.5852
40.7000 0.9384 1.0465 -0.4278
40.8000 -1.5419 0.6271 -1.4906
40.9000 -1.4891 1.0155 -1.0244
41.0000 -0.2050 0.5904 -1.3274
41.1000 -0.9500 1.2741 -0.9675
41.2000 -0.2440 1.4104 -1.0640
41.3000 -2.6266 1.1254 -0.0888
41.4000 -0.3079 2.0587 -0.9724
41.5000 -0.4114 0.2817 -0.1060
41.6000 -2.1269 1.3130 -0.8305
41.7000 0.1452 1.9954 -0.9965
41.8000 -1.4744 1.7748 -0.4308
41.9000 1.1660 0.2943 -0.6207
42.0000 -0.1582 1.5778 -1.0400
42.1000 0.6188 0.8061 -1.5272
42.2000 -0.6181 0.9688 -1.3799
42.3000 0.4316 1.2358 -1.5877
42.4000 0.5016 0.3091 -0.8962
42.5000 2.3942 0.0238 -0.6113
42.6000 0.1141 1.1541 -1.6583
42.7000 2.1303 0.6681 -2.2667
42.8000 1.3872 1.5234 -0.9247
42.9000 0.8293 0.7757 -1.0708
43.0000 0.6962 1.1956 -0.9967
43.1000 2.2700 1.1336 -1.6411
43.2000 1.4458 0.2260 -1.3027
43.3000 3.1691 -0.2990 -1.1599
43.4000 2.6443 0.7918 -2.5892
43.5000 3.4616 1.0506 -1.7209
43.6000 2.0663 0.3689 -2.4092
43.7000 1.7891 1.1298 -1.7926
43.8000 3.5786 0.1449 -2.5134
43.9000 1.9069 1.1590 -3.1927
44.0000 4.6509 0.1475 -1.9155
44.1000 2.6893 0.5066 -1.7526
44.2000 5.1358 0.3339 -2.3944
44.3000 2.4604 1.1512 -1.3393
44.4000 2.9192 0.1289 -1.2271
44.5000 5.0247 0.6641 -2.5432
44.6000 3.5436 0.1043 -2.0297
44.7000 2.5216 0.3461 -1.6624
44.8000 4.2579 0.2914 -3.3739
44.9000 3.2797 0.2598 -2.6035
45.0000 5.1376 0.2694 -1.6232
45.1000 3.4212 0.8537 -1.5681
45.2000 2.4004 0.4019 -2.3171
45.3000 2.4384 0.1734 -2.4850
45.4000 4.5695 -0.2341 -2.8147
45.5000 4.6713 0.0877 -1.2837
45.6000 3.9298 -0.5305 -1.9567
45.7000 3.8300 0.2255 -3.6307
45.8000 4.6096 -0.5386 -3.0679
45.9000 4.4313 -0.7737 -1.9964
46.0000 3.6396 0.2995 -2.7385
46.1000 4.3626 -0.9187 -2.0610
46.2000 1.5738 -0.3604 -2.8254
46.3000 5.6270 -0.5792 -3.2836
46.4000 3.7767 -0.7324 -3.1925
46.5000 5.2462 -0.0502 -3.0350
46.6000 4.7850 0.2030 -2.2432
46.7000 2.5763 -0.8795 -2.7748
46.8000 3.2821 0.5098 -3.2856
46.9000 4.8096 -0.8996 -2.1109
47.0000 3.6728 -1.0311 -2.5766
47.1000 3.3799 -0.2388 -2.6299
47.2000 6.1072 0.5410 -2.8261
47.3000 4.4222 -0.5415 -3.1780
47.4000 5.6291 -0.3956 -2.5075
47.5000 4.5388 -0.2838 -2.4205
47.6000 2.3862 -0.5517 -3.0366
47.7000 3.1888 0.2686 -2.4769
47.8000 4.5492 -1.2120 -2.0415
47.9000 4.9856 -0.9385 -1.8216
48.0000 3.6658 -0.8363 -2.2771
48.1000 4.1461 -0.4850 -2.6462
48.2000 6.6730 -0.7149 -3.3789
48.3000 2.5374 -0.4769 -2.6190
48.4000 1.6709 -0.5020 -2.4909
48.5000 5.2711 -0.9863 -2.9823
48.6000 4.0605 -1.1402 -2.4230
48.7000 3.6058 -1.4028 -3.3742
48.8000 4.2581 -0.8551 -2.8724
48.9000 2.3569 -0.8265 -3.0151
49.0000 4.4131 -0.7158 -2.4752
49.1000 4.6238 -0.5963 -2.4875
49.2000 3.9275 -1.2160 -2.5799
49.3000 3.5229 -1.1218 -2.5860
49.4000 2.1804 -0.7730 -3.6795
49.5000 2.0391 -0.7354 -3.3321
49.6000 1.8142 -0.4929 -2.7615
49.7000 3.3275 -1.3482 -3.1565
49.8000 3.1113 -0.8903 -3.6722
49.9000 3.4928 -1.2772 -1.7266
50.0000 0.4368 -0.9059 -2.5318
50.1000 2.5052 -0.1594 -2.7698
50.2000 1.6289 -1.1568 -2.2219
50.3000 3.0257 -1.6183 -2.5030
50.4000 2.7389 -1.2737 -2.7695
50.5000 2.3153 -1.7549 -2.1229
50.6000 3.4058 -1.2819 -2.4145
50.7000 2.5128 -1.0078 -2.3741
50.8000 3.3778 -1.0409 -2.3208
50.9000 1.3704 -1.2512 -1.6922
51.0000 1.2743 -0.6119 -2.3349
51.1000 0.5172 -0.8667 -2.0541
51.2000 1.4711 -1.8706 -1.4724
51.3000 2.3169 -0.4432 -3.0729
51.4000 4.0150 -1.8396 -1.8978
51.5000 -0.3665 -0.3920 -1.6729
51.6000 1.4212 -1.4168 -2.1416
51.7000 1.4426 -1.2484 -2.0406
51.8000 0.1125 -0.9297 -2.9257
51.9000 0.4106 0.3040 -2.1900
52.0000 1.7490 -1.6479 -2.0334
52.1000 -0.2398 -1.5623 -2.1311
52.2000 0.6210 -1.6030 -1.4286
52.3000 0.9784 -0.8986 -2.1450
52.4000 0.9598 -0.9216 -1.4330
52.5000 0.2187 -1.0366 -1.8534
52.6000 -0.9723 -0.4362 -2.1301
52.7000 -0.2141 -0.1628 -1.8902
52.8000 -0.3299 -0.9819 -1.3808
52.9000 2.0245 -1.0726 -2.0699
53.0000 0.1535 -1.3770 -1.3911
53.1000 -1.2391 -0.6630 -2.3737
53.2000 -0.4242 -1.1427 -1.8337
53.3000 0.3091 -0.9961 -1.7790
53.4000 -0.4541 -0.6555 -1.5285
53.5000 -1.5022 0.1143 -1.4504
53.6000 0.1755 -1.3360 -0.7497
53.7000 -2.2071 -1.5742 -1.3508
53.8000 -0.6558 -0.8147 -0.5094
53.9000 -2.6901 -0.0422 -0.5464
54.0000 -1.1912 -0.3552 -1.9756
54.1000 -1.5762 -0.5831 -1.7049
54.2000 -0.8610 -1.5221 -1.0756
54.3000 -1.3300 0.1951 -0.8993
54.4000 -2.3952 -0.3497 -1.9580
54.5000 -3.7106 -0.7752 -0.9083
54.6000 -2.0678 -0.5342 -0.6916
54.7000 -5.4121 0.0950 -0.3450
54.8000 -1.0631 -0.7867 -0.4751
54.9000 -3.6688 -0.5659 -0.4750
55.0000 -2.4796 0.5493 -0.3985
55.1000 -4.3797 0.2015 -0.8266
55.2000 -2.7002 -0.1101 -1.5836
55.3000 -4.0446 -0.4312 -0.1679
55.4000 -3.3865 -0.3318 0.6933
55.5000 -3.5459 -0.2956 0.2097
55.6000 -2.8994 -0.1777 -0.0731
55.7000 -3.3697 0.2689 -0.1801
55.8000 -2.3586 -0.5811 -0.4715
55.9000 -3.7148 0.2016 -0.0385
56.0000 -3.0865 -0.4806 0.8318
56.1000 -3.3723 -0.0526 -0.2031
56.2000 -2.9961 0.1580 -0.0021
56.3000 -4.2365 0.5734 0.5165
56.4000 -2.8427 -0.1362 1.1682
56.5000 -2.9815 0.3682 0.1932
56.6000 -3.1274 0.2913 0.0917
56.7000 -3.1528 -0.5662 1.3616
56.8000 -2.7448 0.3431 1.0893
56.9000 -2.8355 0.4297 0.0386
57.0000 -3.5650 0.5141 0.8501
57.1000 -3.2819 0.3883 1.2219
57.2000 -6.0414 0.3769 0.4158
57.3000 -5.1345 0.2655 1.1716
57.4000 -3.6950 0.5650 0.7450
57.5000 -4.2275 0.6685 0.9139
57.6000 -3.4580 0.1687 1.1291
57.7000 -3.6324 0.8731 0.6623
57.8000 -3.8579 0.3742 1.2928
57.9000 -3.7948 1.0546 0.8836
58.0000 -3.7931 1.2042 1.5336
58.1000 -5.4346 -0.0148 1.8489
58.2000 -2.8162 0.7373 1.2319
58.3000 -4.1612 0.8581 0.9284
58.4000 -3.0040 0.5011 1.0894
58.5000 -5.8349 0.8156 2.3469
58.6000 -4.6121 0.1587 1.5880
58.7000 -4.7936 -0.0538 2.0284
58.8000 -5.6387 0.6508 2.0614
58.9000 -3.3656 0.5754 1.4338
59.0000 -3.7436 0.5602 1.4711
59.1000 -3.8215 0.0786 1.5449
59.2000 -3.8232 0.2733 1.3901
59.3000 -3.1479 1.3790 1.3476
59.4000 -4.3301 1.7542 2.2513
59.5000 -2.0317 0.2263 2.2704
59.6000 -2.7404 0.5693 1.6639
59.7000 -3.9576 1.4330 1.2960
59.8000 -3.1075 1.2416 1.6936
59.9000 -2.9874 0.8991 2.4023
60.0000 -2.2454 0.5665 1.8446
60.1000 -3.1814 0.8490 2.2828
60.2000 -2.4448 1.8547 2.7833
60.3000 -3.8472 1.5188 2.6765
60.4000 -3.1965 0.8506 2.0024
60.5000 -2.0526 0.5317 2.0508
60.6000 -2.2499 0.6666 2.0279
60.7000 -1.6579 -0.0281 2.4384
60.8000 -1.5135 1.0498 2.2661
60.9000 -2.2614 1.3551 2.2735
61.0000 -1.9367 0.2945 2.1436
61.1000 -0.8046 0.7827 2.6882
61.2000 -1.8813 1.0758 1.9631
61.3000 -1.9086 0.8944 2.5797
61.4000 -1.2253 0.9850 2.2338
61.5000 -0.9196 1.3857 2.8561
61.6000 -1.9088 0.9674 2.9975
61.7000 -2.6324 1.0096 3.2552
61.8000 -0.9177 1.1994 2.9617
61.9000 -0.3084 0.6136 2.4830
62.0000 -0.3463 1.6949 3.0521
62.1000 -1.8117 1.3250 3.1908
62.2000 1.5731 0.0894 2.8395
62.3000 0.7962 0.9628 2.2364
62.4000 0.0024 0.9441 2.6454
62.5000 0.3480 0.0600 2.4627
62.6000 -1.8523 0.4236 2.5997
62.7000 -2.0399 1.6889 2.7897
62.8000 0.9696 1.5042 2.5932
62.9000 0.8570 0.8359 3.0774
63.0000 -1.2104 0.9226 3.1845
63.1000 -0.1960 1.0997 3.2994
63.2000 1.2932 0.7871 3.2901
63.3000 1.2319 1.1950 2.4912
63.4000 0.1839 0.2905 3.3946
63.5000 1.3458 0.5565 2.6789
63.6000 0.3831 0.7902 3.7849
63.7000 1.0016 0.6062 2.8077
63.8000 2.0134 0.3420 2.7756
63.9000 0.4137 1.1109 2.8441
64.0000 1.1816 1.6549 3.3781
64.1000 2.3489 0.6799 3.3839
64.2000 2.6093 0.1935 2.7267
64.3000 0.2895 0.5239 2.4326
64.4000 -0.0950 0.3786 2.7355
64.5000 3.8941 0.4830 3.8756
64.6000 1.8408 0.8353 2.4006
64.7000 3.8422 1.2778 2.8799
64.8000 4.0517 0.2112 2.7408
64.9000 0.1929 0.9393 2.6464
65.0000 2.0396 0.8055 3.1961
65.1000 2.8940 0.7300 4.1103
65.2000 3.0783 0.2510 2.8847
65.3000 1.7850 -0.9952 3.1571
65.4000 2.3119 1.2637 3.0399
65.5000 1.6326 0.5111 1.6829
65.6000 2.5783 0.3884 3.0789
65.7000 2.5885 0.9918 2.7894
65.8000 1.6645 0.0758 2.7905
65.9000 2.4959 0.4122 1.5181
66.0000 2.3348 0.3421 2.1451
66.1000 5.3917 0.5836 2.8126
66.2000 3.3037 0.5158 1.7950
66.3000 3.9634 0.2250 2.2509
66.4000 2.7396 -0.4010 2.1491
66.5000 4.6543 -0.0252 2.7312
66.6000 4.7352 -0.4485 1.9221
66.7000 4.1684 -1.0825 2.4791
66.8000 3.7719 0.0836 2.2608
66.9000 3.1129 -1.3379 2.6512
67.0000 4.8440 -0.1577 2.9291
67.1000 5.1299 -1.0651 2.3867
67.2000 3.3970 -0.2160 1.9277
67.3000 3.6477 -0.5904 2.1423
67.4000 3.1099 -0.5954 1.6650
67.5000 4.7810 -0.0159 2.1447
67.6000 3.5983 -0.2169 2.4008
67.7000 1.4816 -0.0928 2.1535
67.8000 3.0182 -0.3071 1.7664
67.9000 4.0567 -0.0875 2.4725
68.0000 2.2222 0.9644 2.5396
68.1000 5.5444 -0.3572 1.6528
68.2000 3.4613 -0.4097 1.3302
68.3000 4.0610 -0.6483 1.9893
68.4000 2.9724 -0.0451 1.5552
68.5000 4.6939 0.0033 1.7896
68.6000 4.2375 -0.0224 1.7785
68.7000 4.2398 -0.9392 2.4603
68.8000 4.2190 0.1417 0.9813
68.9000 4.8654 -0.2571 1.9226
69.0000 4.6663 -0.3488 0.8965
69.1000 3.4566 -0.4666 1.4029
69.2000 4.1859 -0.1482 2.0667
69.3000 2.9869 -0.8221 0.1767
69.4000 3.8157 -1.0329 1.4574
69.5000 4.1608 -1.0401 1.3673
69.6000 4.0934 -1.2520 1.6079
69.7000 3.8539 -0.9180 0.7727
69.8000 3.5412 -1.0374 0.3505
69.9000 3.2125 -1.3194 1.9516
70.0000 5.4224 -1.4961 0.9119
70.1000 3.5869 -1.1849 0.9451
70.2000 2.3105 -1.0484 0.8882
70.3000 2.2681 -0.7232 -0.3341
70.4000 2.0068 -0.1430 -0.2010
70.5000 2.4176 -1.5171 0.7778
70.6000 0.0775 -1.2535 0.8289
70.7000 2.8181 -0.9999 0.1558
70.8000 2.3729 -0.5511 0.1346
70.9000 1.8544 -1.0783 0.6715
71.0000 1.4875 -1.0182 0.2553
71.1000 1.3915 -1.0756 0.0909
71.2000 2.1880 -1.1643 0.1616
71.3000 2.2345 -1.1645 0.6689
71.4000 4.1252 0.0585 -0.1320
71.5000 2.6318 -0.6760 -0.4604
71.6000 1.4234 -1.3737 0.0509
71.7000 -0.9738 -0.3526 -0.6956
71.8000 1.4994 -1.9024 -0.0812
71.9000 0.2796 -1.1827 -0.0220
72.0000 3.6757 -1.2595 -0.5089
72.1000 0.9694 -2.3669 -0.8680
72.2000 2.0222 -0.8317 -0.6924
72.3000 0.6236 -1.3898 0.0966
72.4000 1.2074 -0.4703 -0.8440
72.5000 2.8043 -1.4786 -0.9278
72.6000 0.7701 -0.1025 -0.5180
72.7000 -1.5850 -0.9633 -0.4565
72.8000 -0.0998 -1.9576 -1.0928
72.9000 -0.7960 -1.1000 -0.6580
73.0000 0.9429 -1.9430 0.1820
73.1000 0.3956 -1.0550 -1.0991
73.2000 0.9174 -0.7491 -0.2378
73.3000 0.6362 -0.6564 -0.5117
73.4000 0.2353 -0.6831 -0.6682
73.5000 1.0210 0.8671 -1.3244
73.6000 2.4029 -0.5000 -1.1904
73.7000 -3.4534 -0.7026 -1.0996
73.8000 0.1942 -0.7034 -0.9861
73.9000 0.8944 -0.8178 -2.0424
74.0000 -1.1439 -0.3659 -1.4262
74.1000 1.5579 0.0458 -1.1550
74.2000 -2.5743 -0.8508 -1.0233
74.3000 -0.6356 -0.7572 -2.1004
74.4000 -3.5012 -0.3412 -0.5194
74.5000 -2.3204 -0.1950 -1.4616
74.6000 -2.6456 -0.7916 -1.1779
74.7000 0.3000 -0.1961 -1.6782
74.8000 -1.6727 -1.7099 -1.5066
74.9000 -2.6184 -0.0390 -1.8607
75.0000 -2.1948 -0.1859 -2.4765
75.1000 -1.0328 0.0950 -2.2874
75.2000 -1.2104 -1.3442 -2.3438
75.3000 -2.9597 0.3591 -3.6010
75.4000 -2.1700 -0.7092 -1.5922
75.5000 -0.3645 -0.4315 -2.5542
75.6000 -3.7881 -0.1742 -2.6328
75.7000 -3.5720 0.1792 -2.9588
75.8000 -2.7156 -0.7112 -2.5126
75.9000 -2.8074 0.6201 -1.5054
76.0000 -3.6633 -0.2260 -2.8147
76.1000 -3.5881 -1.5748 -2.1490
76.2000 -3.9027 -1.3014 -2.6404
76.3000 -2.4528 -0.7839 -2.8935
76.4000 -3.5667 0.1659 -3.2103
76.5000 -1.7887 -0.8638 -3.3376
76.6000 -3.6892 -0.1536 -2.4606
76.7000 -3.7253 0.4724 -3.0352
76.8000 -2.9882 -0.7891 -3.0203
76.9000 -2.7593 0.7442 -2.7437
77.0000 -2.6881 0.1175 -2.4750
77.1000 -2.7314 -0.0192 -1.8930
77.2000 -4.3481 -0.0174 -2.5915
77.3000 -2.6544 -0.0747 -3.5488
77.4000 -4.0465 0.1097 -2.6096
77.5000 -4.5811 -0.2238 -3.2553
77.6000 -3.5931 -0.5430 -2.5466
77.7000 -3.4332 0.6720 -1.9378
77.8000 -4.2081 -0.0327 -3.2328
77.9000 -4.8896 0.3952 -2.5312
78.0000 -2.6309 -0.6385 -3.5722
78.1000 -3.9348 0.5409 -2.4124
78.2000 -3.9256 0.2059 -3.4332
78.3000 -2.9744 0.0153 -3.1255
78.4000 -3.0416 -0.0522 -2.5429
78.5000 -2.5128 -0.2602 -2.6856
78.6000 -4.1300 0.7778 -1.6023
78.7000 -5.4309 0.4982 -1.8015
78.8000 -4.2853 0.7096 -2.7266
78.9000 -7.4789 0.1126 -2.8914
79.0000 -3.6715 0.6900 -2.2987
79.1000 -3.7035 1.4548 -3.4961
79.2000 -4.8295 0.4649 -2.7593
79.3000 -5.1723 0.0925 -3.3187
79.4000 -2.7582 1.0608 -2.1271
79.5000 -2.3981 0.7459 -3.0469
79.6000 -3.3419 1.1760 -2.6279
79.7000 -2.5770 1.3584 -2.6035
79.8000 -4.0998 1.9198 -2.7279
79.9000 -1.4861 0.9335 -2.0362
80.0000 -3.9185 1.1829 -2.0689
80.1000 -2.7818 0.6750 -2.6354
80.2000 -3.5457 0.5318 -3.3889
80.3000 -3.9952 0.7534 -2.9457
80.4000 -3.3045 1.0654 -2.6626
80.5000 -2.4869 1.2309 -2.5432
80.6000 -3.7314 1.9419 -2.5170
80.7000 -2.3410 0.8934 -2.2307
80.8000 -3.0860 -0.7323 -4.0166
80.9000 -3.5893 1.0991 -2.9143
81.0000 -2.0689 0.4673 -3.0507
81.1000 -1.4452 0.2685 -2.0089
81.2000 -2.2405 1.1513 -2.1363
81.3000 -1.6785 1.4865 -2.5576
81.4000 -2.7485 0.3975 -2.3160
81.5000 -2.4388 1.1831 -2.5199
81.6000 -3.1624 1.2349 -1.9395
81.7000 -3.4701 1.7646 -2.0091
81.8000 -2.1275 1.0057 -2.6864
81.9000 -2.6735 0.5474 -2.2345
82.0000 -2.3054 -0.0180 -3.1000
82.1000 -0.8276 1.8481 -2.5636
82.2000 -2.5383 0.1025 -1.8321
82.3000 -1.6137 1.4404 -2.4865
82.4000 0.0866 0.5320 -1.8805
82.5000 -1.3303 0.7143 -2.3825
82.6000 0.0638 1.2747 -2.1021
82.7000 -1.3532 0.3840 -1.8097
82.8000 -1.3230 0.8687 -2.3064
82.9000 1.5475 1.4670 -1.7862
83.0000 -1.3426 0.5857 -2.9774
83.1000 -0.5658 1.0280 -1.9146
83.2000 -0.4636 1.3417 -2.4024
83.3000 -0.7006 0.8204 -1.9184
83.4000 0.8185 1.0054 -1.4771
83.5000 -0.5585 1.1239 -1.4961
83.6000 -1.7174 1.0511 -2.4369
83.7000 -0.1495 0.7920 -2.0869
83.8000 0.7445 1.5839 -2.0180
83.9000 1.3652 1.2378 -1.3444
84.0000 0.2377 1.1670 -0.9731
84.1000 0.3441 0.8073 -2.1560
84.2000 -0.1140 0.7520 -1.1864
84.3000 1.0824 0.4721 -1.5064
84.4000 0.5382 0.8361 -0.8113
84.5000 0.5209 1.7112 -1.3531
84.6000 1.3199 -0.0932 -1.4657
84.7000 1.2318 0.7465 -0.6975
84.8000 -0.0750 1.0891 -1.0662
84.9000 2.6112 0.3925 -1.1762
85.0000 3.0664 1.1467 -1.5740
85.1000 3.2544 0.8687 -0.5219
85.2000 2.7302 0.4425 -2.0633
85.3000 1.3169 1.1079 -1.2578
85.4000 0.6441 0.4602 -0.5425
85.5000 2.3726 0.3471 -1.6361
85.6000 3.1571 0.8107 -0.1712
85.7000 2.1014 0.5559 -0.0468
85.8000 3.1698 0.6715 0.1551
85.9000 0.8244 0.3781 -0.0327
86.0000 2.3388 0.4810 -1.1979
86.1000 3.3803 -0.0909 -0.0870
86.2000 2.9249 0.7508 -0.9019
86.3000 3.0453 0.7891 -0.0244
86.4000 2.4241 0.8469 -1.1135
86.5000 1.8409 0.0341 -0.2387
86.6000 4.2387 0.0921 -0.6590
86.7000 2.6986 1.0394 0.5543
86.8000 5.8248 -0.3363 -0.6028
86.9000 4.0724 0.2212 -0.5957
87.0000 3.3553 -0.1213 -0.0019
87.1000 1.9030 1.0176 -0.7058
87.2000 5.7731 -0.7893 0.1474
87.3000 2.6764 -0.3218 0.5417
87.4000 3.4892 0.0599 0.4686
87.5000 4.1611 0.0167 0.8125
87.6000 3.7730 -0.4118 0.0798
87.7000 3.1741 0.0153 0.5408
87.8000 3.6027 -0.6468 0.3365
87.9000 4.1266 0.7006 0.2826
88.0000 4.2707 -0.9559 0.0666
88.1000 2.4728 -0.9343 -0.4125
88.2000 4.3767 0.8991 0.5148
88.3000 3.9896 -0.3422 -0.1000
88.4000 3.1264 0.1284 0.8857
88.5000 3.6674 0.1965 0.6883
88.6000 5.1518 -0.7516 1.1241
88.7000 3.1666 -0.8943 1.1058
88.8000 3.4493 -0.3638 1.0110
88.9000 4.8195 0.3055 1.1686
89.0000 2.0263 -0.7992 1.0044
89.1000 3.7607 -0.3008 1.1215
89.2000 3.1207 -0.2076 0.4696
89.3000 3.7232 0.3755 0.9710
89.4000 4.8985 -0.6697 2.2353
89.5000 3.8137 -0.6481 0.9969
89.6000 3.4052 0.3510 1.6790
89.7000 2.8843 0.0097 1.5420
89.8000 4.5139 -1.7670 1.7058
89.9000 5.8760 -0.7864 1.5565
90.0000 2.7112 0.0580 1.5734
90.1000 4.7185 -0.6635 2.4207
90.2000 3.8758 -0.8487 1.8757
90.3000 5.6732 -0.4928 0.5792
90.4000 4.1723 -0.0503 1.3950
90.5000 5.8676 -0.0752 1.2698
90.6000 2.7139 -1.3474 1.7741
90.7000 2.0495 -0.8778 1.8618
90.8000 3.9013 -0.6763 2.0343
90.9000 1.7170 -0.9282 2.0635
91.0000 2.2814 -0.1160 2.0959
91.1000 1.8609 -0.1746 1.7771
91.2000 3.5120 -0.6975 1.7816
91.3000 2.6242 -0.4428 2.1198
91.4000 2.2704 -1.0559 1.6850
91.5000 3.9457 -1.5972 2.3123
91.6000 4.3750 -1.1082 3.2605
91.7000 2.3852 -1.0589 1.5800
91.8000 2.0401 0.3838 2.2518
91.9000 0.7397 -1.3126 3.1831
92.0000 2.6682 -0.0859 2.0548
92.1000 3.6103 -0.6806 2.1177
92.2000 2.8055 -0.5185 2.3110
92.3000 3.3039 -1.0255 3.0237
92.4000 0.9735 -1.1890 2.6294
92.5000 0.8137 -0.7744 2.2236
92.6000 2.5346 -1.8042 2.7669
92.7000 1.3831 -0.8955 2.5746
92.8000 1.3889 -1.8080 2.0387
92.9000 1.3423 -0.1080 2.4801
93.0000 2.0962 -0.9342 2.7814
93.1000 0.9747 -0.4442 2.7820
93.2000 2.5445 -0.6159 2.2783
93.3000 1.3585 -1.2576 3.5505
93.4000 0.8674 -1.1291 1.7625
93.5000 1.2231 -1.2877 1.6142
93.6000 2.6932 -1.0286 3.2665
93.7000 0.1810 -1.3313 2.5965
93.8000 -0.6820 -1.1122 3.4163
93.9000 -0.1716 -1.7067 3.3898
94.0000 -0.0531 -1.0819 2.5788
94.1000 -0.1918 -0.5503 3.0054
94.2000 0.0753 -1.7560 2.5484
94.3000 -1.4808 -0.6874 2.9935
94.4000 -0.7593 -0.6982 2.9340
94.5000 0.0100 -0.9099 2.0988
94.6000 -0.2917 -1.0185 3.4375
94.7000 -0.3738 -0.6351 2.4187
94.8000 -1.4300 -0.2199 1.9570
94.9000 -1.0450 -0.0980 2.3799
95.0000 -0.6707 -0.8889 2.6641
95.1000 0.6195 -1.0966 2.3482
95.2000 -0.5641 -1.1544 3.3986
95.3000 -1.7804 -1.3324 3.0079
95.4000 -1.8080 -0.1941 3.3828
95.5000 -1.2594 -0.6207 2.3997
95.6000 -2.4290 -0.8340 3.3036
95.7000 0.3581 -0.9117 3.4716
95.8000 -3.6741 -0.4922 2.4499
95.9000 -2.7077 -0.5311 2.6396
96.0000 -2.8575 -0.2221 2.9985
96.1000 -0.6918 0.0668 3.4764
96.2000 -2.4897 -0.2657 2.7165
96.3000 -4.0299 -0.6926 4.3678
96.4000 -0.3636 -0.3714 1.6241
96.5000 -1.6009 0.1305 2.7009
96.6000 -2.8888 -0.5958 3.1370
96.7000 -1.8113 -0.5451 2.8811
96.8000 -2.5926 -1.2975 2.9660
96.9000 -4.5921 -0.0485 2.2000
97.0000 -2.4231 0.1099 2.3331
97.1000 -2.8010 0.0724 2.8202
97.2000 -2.5310 0.1884 2.5391
97.3000 -5.3433 -0.7096 3.3301
97.4000 -1.7071 0.1635 2.0849
97.5000 -2.5407 0.0613 2.5898
97.6000 -2.7266 -0.6513 2.1389
97.7000 -2.7757 -0.2354 1.6849
97.8000 -3.6160 -0.2566 2.4423
97.9000 -3.5360 -0.4377 2.4496
98.0000 -2.8994 0.5279 2.7873
98.1000 -3.2768 0.4990 2.2777
98.2000 -3.2391 1.1514 3.1920
98.3000 -2.0976 0.1104 2.4939
98.4000 -3.8764 0.1089 3.1756
98.5000 -3.4119 0.7859 1.5912
98.6000 -3.0845 0.2714 2.7192
98.7000 -3.3055 0.2241 2.2017
98.8000 -3.8459 1.1482 2.7127
98.9000 -3.6571 0.0335 2.3997
99.0000 -3.6077 0.2265 1.3879
99.1000 -3.1113 -0.2373 1.3495
99.2000 -5.3396 0.3647 2.6949
99.3000 -5.6552 -0.2638 2.1212
99.4000 -3.4857 -0.4651 1.4090
99.5000 -5.3167 -0.0267 1.9837
99.6000 -5.8801 0.0096 2.2680
99.7000 -4.0156 0.3030 0.9660
99.8000 -3.3443 0.5119 2.0393
99.9000 -4.6085 0.4217 2.4505
100.0000 -4.5205 0.4199 -0.0109
100.1000 -4.7193 1.7625 1.9815
100.2000 -2.5073 0.9338 1.1924
100.3000 -4.1668 0.9972 1.6986
100.4000 -2.7677 0.5214 1.8666
100.5000 -4.6769 0.0247 1.7135
100.6000 -4.0700 1.4902 1.2128
100.7000 -2.1889 0.1104 1.5765
100.8000 -3.9125 1.0029 0.4592
100.9000 -2.9707 1.3150 1.1289
101.0000 -4.0842 0.2245 2.0240
101.1000 -3.7009 -0.2105 0.7593
101.2000 -4.5400 0.9973 0.1983
101.3000 -3.0267 0.7657 1.7617
101.4000 -2.2954 1.4584 0.8559
101.5000 -5.0232 1.8001 1.3393
101.6000 -3.8373 0.8684 1.0089
101.7000 -3.5029 -0.1230 1.1524
101.8000 -1.1384 1.7002 0.3660
101.9000 -1.6981 1.0092 0.5272
102.0000 -3.4932 0.0429 1.5479
102.1000 -4.3809 1.2209 0.8435
102.2000 -3.9844 0.4935 -0.1828
102.3000 -4.6398 0.7222 1.2702
102.4000 -3.6797 1.5169 1.2425
102.5000 -3.1466 1.2901 -0.3488
102.6000 -2.3405 1.0875 0.5542
102.7000 -1.0232 0.4290 -1.0554
102.8000 -3.9960 1.5248 -0.0208
102.9000 -1.1858 0.3813 -0.1720
103.0000 -1.3101 1.1750 -0.0027
103.1000 -4.3972 1.1264 -1.0694
103.2000 -3.1342 1.2060 0.1103
103.3000 -1.2296 1.5456 -0.0819
103.4000 -3.4906 0.8681 0.3630
103.5000 -1.6926 0.7726 -1.3566
103.6000 -2.7448 1.4843 -0.6433
103.7000 -1.9635 0.8384 0.1039
103.8000 -3.1299 1.5902 -0.6512
103.9000 -1.0815 0.9041 -0.3416
104.0000 -1.1081 0.5822 -1.1255
104.1000 0.0321 1.0287 -0.5628
104.2000 -0.0758 1.1311 -0.7894
104.3000 0.3890 0.9745 -0.2448
104.4000 -0.3292 0.5618 -1.2325
104.5000 0.5998 0.7603 -0.4748
104.6000 -1.4517 1.3139 -0.6113
104.7000 -0.5554 0.9264 -1.4132
104.8000 0.9397 0.5528 -0.7072
104.9000 0.9632 1.0968 -1.0339
105.0000 1.5786 0.6995 -1.0749
105.1000 1.2124 0.1643 -2.2909
105.2000 0.4252 0.7557 -0.7012
105.3000 1.7022 2.4739 -1.7648
105.4000 1.1526 0.6348 -0.8899
105.5000 1.6410 1.1092 -1.2051
105.6000 -0.1109 0.4480 -0.4904
105.7000 0.7529 -0.0836 -1.3021
105.8000 2.3102 1.1296 -1.3250
105.9000 1.7805 0.5909 -2.1437
106.0000 0.9962 1.0303 -2.4702
106.1000 2.0962 1.3144 -1.6769
106.2000 4.1362 1.3713 -1.2086
106.3000 2.8455 1.4378 -1.8924
106.4000 1.6350 0.2849 -1.5110
106.5000 3.4897 0.2974 -2.2357
106.6000 1.7584 1.5396 -1.9227
106.7000 2.2168 1.0233 -2.4478
106.8000 2.3404 -0.1582 -1.5369
106.9000 3.3554 0.2220 -2.4833
107.0000 2.9830 -0.1071 -2.5487
107.1000 4.6410 0.6548 -2.2658
107.2000 1.8538 0.0082 -2.3741
107.3000 1.4924 -0.1514 -2.1933
107.4000 1.2089 -0.6029 -2.7188
107.5000 1.6410 0.9856 -1.9737
107.6000 0.9514 -0.2164 -2.2808
107.7000 3.3352 -1.1642 -1.8000
107.8000 3.3646 0.8625 -1.7153
107.9000 2.5569 0.1945 -2.2969
108.0000 3.8779 1.2672 -3.1751
108.1000 4.3493 0.3319 -3.0504
108.2000 3.5633 1.0419 -2.8048
108.3000 1.2328 -0.3855 -2.3706
108.4000 4.3226 0.6163 -2.3112
108.5000 4.1183 -0.1412 -2.1975
108.6000 3.2752 -0.2712 -2.2327
108.7000 3.0040 0.1923 -2.7236
108.8000 2.5189 0.1604 -1.8401
108.9000 4.7559 0.3347 -3.1273
109.0000 5.0655 -0.9061 -1.8762
109.1000 3.8681 0.1481 -3.2793
109.2000 2.9699 -0.9069 -2.5673
109.3000 1.9308 -0.5174 -2.8621
109.4000 5.5465 -0.1207 -3.2146
109.5000 4.8296 -0.0062 -2.6604
109.6000 3.6414 0.4132 -1.9730
109.7000 3.3759 -0.4824 -2.6047
109.8000 4.2506 -0.7095 -3.0409
109.9000 2.5901 0.3514 -2.8100
110.0000 2.3758 -0.2643 -2.7004
110.1000 5.2263 0.1247 -1.9954
110.2000 2.8105 -0.5560 -3.3572
110.3000 4.6371 0.0465 -2.6025
110.4000 4.1836 0.0978 -1.7657
110.5000 4.8418 -0.6875 -2.6483
110.6000 4.3849 -0.6660 -3.2185
110.7000 3.0525 -0.1438 -2.3652
110.8000 4.9234 -1.0870 -2.8740
110.9000 5.4983 -1.1119 -2.5417
111.0000 5.4556 -1.2243 -3.1678
111.1000 4.2737 -1.3591 -2.8786
111.2000 2.0708 -1.0763 -2.7893
111.3000 4.2737 -0.7221 -2.3559
111.4000 3.7771 0.3279 -2.7833
111.5000 2.8237 -0.6161 -3.4001
111.6000 3.2876 -1.2718 -3.6393
111.7000 3.5313 -0.5305 -3.6293
111.8000 1.6005 -0.8947 -2.9480
111.9000 4.1121 -1.4741 -3.4004
112.0000 3.3429 -0.2634 -2.9929
112.1000 2.6475 -0.1164 -3.8848
112.2000 2.9674 -0.9277 -3.5937
112.3000 1.8698 -0.7106 -3.0472
112.4000 3.9080 -1.2929 -2.4110
112.5000 4.7625 -0.7177 -2.5306
112.6000 3.8634 -0.6739 -2.1977
112.7000 1.5970 -1.7757 -2.4551
112.8000 0.8374 -0.9074 -2.8738
112.9000 4.0846 -0.4735 -3.1016
113.0000 3.2904 -1.1162 -3.0265
113.1000 1.8007 -0.3740 -3.3058
113.2000 2.9495 -1.2148 -2.2365
113.3000 3.4396 -1.0733 -2.2653
113.4000 1.9510 -1.2269 -2.7126
113.5000 0.0763 -0.9379 -2.7201
113.6000 2.6727 -0.7317 -2.2220
113.7000 2.4137 -0.4940 -2.2578
113.8000 0.3352 -0.8271 -2.0136
113.9000 1.2911 -1.3390 -2.1980
114.0000 3.2096 -0.4308 -2.3755
114.1000 2.2178 -1.4517 -1.6759
114.2000 1.9818 -1.2704 -2.4317
114.3000 -0.5375 -1.3909 -2.9759
114.4000 2.3272 -0.9831 -1.7478
114.5000 0.6781 -1.2986 -2.4265
114.6000 1.8670 -0.8718 -1.8482
114.7000 0.2638 -1.0288 -2.8356
114.8000 -1.2884 -0.9610 -2.3119
114.9000 1.7042 -0.7713 -2.1590
115.0000 -0.4243 -0.8411 -2.3746
115.1000 1.1167 -0.7207 -1.7920
115.2000 0.0540 -1.1863 -0.7192
115.3000 -0.4447 -0.4872 -2.4695
115.4000 -0.1559 -1.3955 -2.0315
115.5000 -0.7139 -1.3018 -1.6209
115.6000 -0.4672 -0.7814 -1.5899
115.7000 -1.7353 -1.0732 -1.7318
115.8000 -1.7627 -0.1466 -2.3209
115.9000 -2.4398 -0.7469 -1.5400
116.0000 0.4354 -0.9698 -1.0469
116.1000 -1.4874 -0.6090 -1.0451
116.2000 -0.1339 -0.6154 -1.6668
116.3000 -0.7671 -0.0261 -1.5457
116.4000 -1.0466 -0.1649 -1.3667
116.5000 -1.2037 -0.1395 -0.7336
116.6000 -1.6222 0.4047 -0.8574
116.7000 -1.7676 -0.3732 -0.5549
116.8000 -3.4005 -1.0944 -1.3220
116.9000 -1.9751 -0.1974 -0.5158
117.0000 -4.1307 0.2536 -1.5898
117.1000 -1.5340 0.6265 -0.5462
117.2000 -2.0330 0.9283 -1.8592
117.3000 -3.3098 -0.5898 -0.4173
117.4000 -2.0061 -0.5331 -0.5781
117.5000 -2.2647 -0.5268 -0.1583
117.6000 -3.4133 0.1411 -0.9852
117.7000 -3.0406 -1.2169 0.0653
117.8000 -2.9999 0.1085 -0.2670
117.9000 -5.5237 -0.5991 -0.5369
118.0000 -3.7052 -0.3402 -0.0629
118.1000 -3.4637 0.4149 -0.7586
118.2000 -4.6456 -0.2750 -0.0571
118.3000 -2.8349 -0.1790 0.3760
118.4000 -3.9611 -0.7786 -0.1319
118.5000 -5.6996 -0.4541 -0.3036
118.6000 -3.9675 -0.2949 -0.2425
118.7000 -3.6848 0.5685 0.6001
118.8000 -2.6821 -1.2363 0.1648
118.9000 -4.9183 -0.7749 1.2459
119.0000 -5.6985 0.2642 0.3462
119.1000 -3.3386 -0.1754 0.0757
119.2000 -3.8009 0.6273 0.4348
119.3000 -3.0210 1.1033 -0.3682
119.4000 -4.1445 0.0901 0.1884
119.5000 -3.9351 0.4528 -0.1420
119.6000 -2.7876 0.1698 1.2001
119.7000 -3.6210 -0.1639 0.4065
119.8000 -4.1434 -0.2487 0.7655
119.9000 -4.5341 0.0307 0.9315
120.0000 -2.9195 1.0280 0.3550
