# time [arb], signal A [arb], signal B [arb]
0.0000 0.6782 1.4106
0.1000 -0.0805 0.3168
0.2000 0.5936 -0.0540
0.3000 1.2606 1.6444
0.4000 0.0934 1.0502
0.5000 1.6903 0.5396
0.6000 -0.4021 0.8725
0.7000 0.2454 1.1368
0.8000 1.9613 1.4169
0.9000 2.4480 0.7697
1.0000 1.4493 0.5803
1.1000 1.6542 1.1651
1.2000 0.7231 0.9658
1.3000 0.5111 1.3725
1.4000 -1.1410 1.2089
1.5000 2.4928 0.3677
1.6000 1.0693 0.5053
1.7000 3.9063 -0.5746
1.8000 2.6895 0.5651
1.9000 2.1379 0.9337
2.0000 3.1096 -0.3122
2.1000 3.9173 0.8237
2.2000 2.4629 -0.0621
2.3000 3.0928 0.8806
2.4000 2.8354 0.5528
2.5000 3.6183 0.2841
2.6000 1.6139 -0.9132
2.7000 3.4652 -0.1933
2.8000 3.9864 0.4940
2.9000 1.0687 0.2379
3.0000 3.2460 -0.5188
3.1000 2.9698 -0.2818
3.2000 3.0627 0.5130
3.3000 3.0493 0.1765
3.4000 1.3433 0.8808
3.5000 4.4725 0.3454
3.6000 4.1896 0.3719
3.7000 3.9610 0.0897
3.8000 5.3873 -1.1140
3.9000 3.3989 -0.1692
4.0000 6.5079 -0.4610
4.1000 3.8152 0.3941
4.2000 3.1258 -0.0885
4.3000 5.3713 -0.0859
4.4000 2.6558 0.0685
4.5000 5.9913 -0.3223
4.6000 4.8808 0.0973
4.7000 1.8916 -1.0621
4.8000 1.7986 -0.3325
4.9000 3.8134 -0.2041
5.0000 3.7191 -0.3530
5.1000 4.1672 -0.6778
5.2000 3.2752 0.1984
5.3000 4.3190 0.0059
5.4000 6.3245 -0.8849
5.5000 4.8169 -0.3717
5.6000 1.5275 -0.5051
5.7000 5.1564 -0.7766
5.8000 2.9755 0.1131
5.9000 4.6213 -0.2717
6.0000 2.9636 0.0816
6.1000 3.2614 -0.6918
6.2000 5.0762 -0.5385
6.3000 4.3244 -0.6735
6.4000 4.4774 -0.0730
6.5000 3.9435 -0.4535
6.6000 1.7557 -0.1924
6.7000 2.0444 -1.1458
6.8000 2.2349 -1.5669
6.9000 2.9093 -0.1429
7.0000 4.2941 -0.3201
7.1000 5.1349 -1.1797
7.2000 2.5484 -1.2439
7.3000 2.1867 -0.7771
7.4000 3.1612 -0.3704
7.5000 1.1334 -0.9153
7.6000 2.1439 -1.2258
7.7000 2.8123 -1.3371
7.8000 3.5370 -0.9105
7.9000 3.0847 -1.2957
8.0000 2.1474 -0.3300
8.1000 2.9617 -1.1640
8.2000 3.1315 -0.2272
8.3000 4.8986 0.0381
8.4000 2.3316 -0.0775
8.5000 1.6878 -1.3881
8.6000 1.9154 -0.9219
8.7000 3.4154 -0.9523
8.8000 1.4791 -0.4813
8.9000 1.9741 -0.3497
9.0000 2.1310 -1.9570
9.1000 2.6896 -1.4847
9.2000 2.2190 -1.7571
9.3000 1.2849 -1.9856
9.4000 0.0614 -0.7281
9.5000 1.0273 -0.4139
9.6000 0.6825 -1.9318
9.7000 0.0607 -1.1278
9.8000 0.5206 -0.8439
9.9000 2.0426 -0.7559
10.0000 0.9511 -0.8854
10.1000 -0.8111 -1.5260
10.2000 1.8621 -1.2208
10.3000 0.4842 -0.5249
10.4000 0.4769 -0.5343
10.5000 -0.1769 -0.7558
10.6000 -2.6730 -0.9097
10.7000 -0.2968 -0.6684
10.8000 0.0470 -0.4083
10.9000 -2.5507 -0.0770
11.0000 -1.4010 -1.1294
11.1000 -2.1265 -0.8827
11.2000 -0.4899 -1.3174
11.3000 -0.9685 -1.0741
11.4000 -2.0396 -0.7784
11.5000 0.4066 -0.1262
11.6000 -1.5250 -0.1600
11.7000 -0.4560 -1.0001
11.8000 -2.9567 -1.5737
11.9000 -2.5378 -1.2455
12.0000 -2.3784 -0.6696
12.1000 -0.4801 -0.2909
12.2000 -1.7952 -0.4518
12.3000 -3.4782 -0.6062
12.4000 -3.5407 -0.5586
12.5000 -1.6880 -0.4467
12.6000 -2.0094 0.0003
12.7000 -2.0469 -0.9496
12.8000 -4.1602 -1.0401
12.9000 -1.5485 -1.1720
13.0000 -4.0145 -0.3154
13.1000 -2.6181 -0.5128
13.2000 -2.4225 -0.1834
13.3000 -4.6344 0.4338
13.4000 -3.5481 -0.3118
13.5000 -6.6519 -0.6138
13.6000 -4.7986 -1.0251
13.7000 -4.3799 0.2902
13.8000 -4.1174 -0.5257
13.9000 -2.8052 -0.1970
14.0000 -3.8936 0.0813
14.1000 -3.2728 -0.4581
14.2000 -3.6465 0.0241
14.3000 -4.9824 1.2172
14.4000 -4.3652 -0.2117
14.5000 -3.4302 -0.1612
14.6000 -2.9090 0.4082
14.7000 -3.2339 0.6149
14.8000 -4.5135 0.7146
14.9000 -4.5778 0.5068
15.0000 -3.5722 0.0356
15.1000 -2.4755 -0.4550
15.2000 -5.5338 0.4685
15.3000 -5.2378 1.1130
15.4000 -3.7570 1.0851
15.5000 -5.0677 0.9626
15.6000 -4.4145 -0.1583
15.7000 -4.9534 -0.3293
15.8000 -6.2689 0.8996
15.9000 -4.6302 -0.0788
16.0000 -3.2980 0.6833
16.1000 -5.9704 0.9141
16.2000 -4.3869 1.2333
16.3000 -1.8681 1.5203
16.4000 -4.7529 0.0540
16.5000 -3.2536 1.5113
16.6000 -2.6009 0.3933
16.7000 -2.4488 0.7217
16.8000 -2.4246 0.0581
16.9000 -3.8269 0.9140
17.0000 -3.8245 0.7625
17.1000 -3.5160 0.5282
17.2000 -4.1780 0.9481
17.3000 -3.9546 0.7833
17.4000 -2.8643 -0.3894
17.5000 -2.5135 -0.3920
17.6000 -1.3956 0.5896
17.7000 -4.2262 1.0143
17.8000 -4.7714 0.5076
17.9000 -1.7300 1.4334
18.0000 -4.2598 0.3683
18.1000 0.0814 0.5808
18.2000 -1.6761 1.7725
18.3000 -4.8969 1.3912
18.4000 -3.1317 0.3651
18.5000 -1.5212 0.3258
18.6000 -1.8837 1.3641
18.7000 -2.0949 0.8863
18.8000 -3.0154 1.1263
18.9000 -3.3968 0.7235
19.0000 -1.2621 0.9762
19.1000 -2.3074 0.3990
19.2000 -1.8622 -0.2655
19.3000 -1.9464 1.1782
19.4000 -1.1057 0.4973
19.5000 -3.6533 1.0112
19.6000 -3.5016 0.9488
19.7000 0.0229 1.4211
19.8000 -1.0463 0.3282
19.9000 0.5193 0.9435
20.0000 -1.4261 0.8222
20.1000 -1.6723 0.8195
20.2000 -0.4210 1.4879
20.3000 -0.0354 1.6153
20.4000 0.4494 1.3123
20.5000 -1.1526 0.1894
20.6000 -1.0735 1.1797
20.7000 1.0273 1.3281
20.8000 0.9084 0.9018
20.9000 -1.4781 0.7747
21.0000 0.4776 1.8734
21.1000 0.1646 0.9116
21.2000 0.1996 1.8994
21.3000 1.4233 1.4305
21.4000 -1.7508 1.3428
21.5000 2.1356 0.0571
21.6000 -0.2163 1.3736
21.7000 0.2252 0.5119
21.8000 1.1502 0.3133
21.9000 -0.2635 -0.3102
22.0000 1.8079 1.3460
22.1000 2.6201 1.0980
22.2000 4.5414 1.2175
22.3000 2.0756 1.4433
22.4000 2.6612 0.4584
22.5000 2.9352 1.3469
22.6000 -0.6209 0.5948
22.7000 0.4457 0.2960
22.8000 2.3756 0.2764
22.9000 0.2774 0.5870
23.0000 1.8706 0.4337
23.1000 1.1075 0.4463
23.2000 1.4630 0.4670
23.3000 1.6894 -0.0279
23.4000 2.8786 0.8178
23.5000 2.7700 0.6952
23.6000 3.3579 0.4526
23.7000 3.5528 1.0997
23.8000 2.6922 0.0643
23.9000 4.0695 -0.7120
24.0000 1.8863 -0.1513
24.1000 1.6303 0.8815
24.2000 3.6854 0.2256
24.3000 4.9552 0.1759
24.4000 1.8405 -0.1055
24.5000 2.4395 0.6359
24.6000 3.4589 0.7073
24.7000 3.5127 0.5435
24.8000 4.0311 0.2544
24.9000 4.0031 0.0027
25.0000 4.4796 -0.5549
25.1000 5.1060 -0.7022
25.2000 4.3251 -0.0219
25.3000 3.3715 -1.0106
25.4000 4.3411 -0.7354
25.5000 3.7159 -0.2343
25.6000 4.6303 -0.3576
25.7000 4.2160 -0.7859
25.8000 3.9733 -0.4761
25.9000 4.7650 -0.2216
26.0000 4.9437 -0.3318
26.1000 3.9212 0.2734
26.2000 4.4958 -0.1002
26.3000 2.4274 -0.2081
26.4000 3.4967 -0.7400
26.5000 3.8772 -0.9391
26.6000 3.6304 0.8059
26.7000 4.3646 -0.6077
26.8000 4.4815 -0.2958
26.9000 4.5651 -0.3707
27.0000 2.2779 -0.3818
27.1000 4.4562 -0.3382
27.2000 2.4159 -0.6974
27.3000 5.1052 0.0604
27.4000 4.0835 -0.7487
27.5000 2.8798 -0.7213
27.6000 2.3919 -0.9827
27.7000 2.2918 -0.2863
27.8000 4.1228 -1.6955
27.9000 1.9484 -0.9522
28.0000 2.2153 -1.8887
28.1000 4.0032 0.6205
28.2000 2.9302 -1.1497
28.3000 5.0084 -0.8277
28.4000 1.5828 -1.4461
28.5000 2.8525 -0.8493
28.6000 3.7695 -0.7560
28.7000 1.0856 -0.8807
28.8000 0.9705 -0.5370
28.9000 2.6059 -1.5392
29.0000 3.7521 -0.4968
29.1000 1.6731 -1.2260
29.2000 2.2607 -1.4184
29.3000 3.7332 -0.9491
29.4000 1.9433 -1.0227
29.5000 2.7552 0.3904
29.6000 1.5435 -0.5679
29.7000 3.1441 -0.7799
29.8000 2.7448 -1.2817
29.9000 0.5402 -1.4357
30.0000 2.4408 -1.0832
30.1000 1.8193 -1.0351
30.2000 1.4827 -0.5763
30.3000 0.9944 -1.0736
30.4000 0.5332 -0.9393
30.5000 -1.0551 -0.7351
30.6000 0.5410 0.0698
30.7000 1.1708 -1.1922
30.8000 1.4846 -0.8960
30.9000 2.6456 -0.9245
31.0000 -1.5534 -0.8380
31.1000 0.5817 -1.3265
31.2000 2.2868 -1.1934
31.3000 -0.9461 -0.7331
31.4000 -0.3630 -0.6832
31.5000 -0.1285 -0.3466
31.6000 1.7510 -1.3559
31.7000 -0.4999 -1.0349
31.8000 -0.8446 -0.9432
31.9000 0.9584 -0.4971
32.0000 -0.6012 -0.1913
32.1000 -1.1281 -0.7998
32.2000 -0.3316 -0.0977
32.3000 -1.7216 -0.7094
32.4000 -1.2539 -0.2554
32.5000 -1.3326 -0.9336
32.6000 -2.3716 -0.9683
32.7000 -2.2633 -0.4633
32.8000 -1.9798 -0.6049
32.9000 -2.3279 -0.4740
33.0000 -1.2952 -1.4645
33.1000 -1.1318 -0.7409
33.2000 -1.4934 -1.5808
33.3000 -1.6072 -0.5556
33.4000 -1.3086 0.0838
33.5000 -1.1830 -0.2631
33.6000 -3.5143 -0.4090
33.7000 -3.6587 0.4316
33.8000 -1.8581 -1.4695
33.9000 -3.2725 -0.2007
34.0000 -2.6163 -0.7973
34.1000 -2.7258 -0.1198
34.2000 -3.7578 -0.6550
34.3000 -2.2752 0.0622
34.4000 -2.1164 0.3688
34.5000 -3.6251 -0.4628
34.6000 -2.0574 0.3921
34.7000 -2.9347 -0.5012
34.8000 -4.1508 -0.4994
34.9000 -4.0822 -0.2072
35.0000 -1.6002 -0.7189
35.1000 -2.6343 -0.8526
35.2000 -2.7783 -0.1825
35.3000 -3.5955 0.5734
35.4000 -2.7004 -0.4606
35.5000 -4.6777 0.3424
35.6000 -3.5016 -0.2217
35.7000 -3.6364 0.1165
35.8000 -3.3254 0.1621
35.9000 -4.9720 -0.3425
36.0000 -1.4278 0.2603
36.1000 -4.7129 0.0637
36.2000 -3.5835 0.4436
36.3000 -2.4342 0.3797
36.4000 -3.2593 0.5301
36.5000 -4.5917 -0.0579
36.6000 -3.4584 0.4636
36.7000 -3.0042 1.0283
36.8000 -2.6374 -0.2715
36.9000 -2.5623 1.0983
37.0000 -2.0137 0.5977
37.1000 -5.7273 0.8215
37.2000 -4.2045 0.7982
37.3000 -4.3361 -0.6547
37.4000 -3.5313 0.5401
37.5000 -5.6007 0.6894
37.6000 -3.3337 1.5260
37.7000 -4.5140 0.5989
37.8000 -3.6198 0.3862
37.9000 -5.5070 0.4263
38.0000 -4.4033 1.7621
38.1000 -2.8421 1.0237
38.2000 -3.5156 0.8553
38.3000 -4.3080 0.3121
38.4000 -2.4456 1.2849
38.5000 -4.5453 0.2872
38.6000 -2.2141 0.1690
38.7000 -3.5362 0.4909
38.8000 -1.8367 1.1033
38.9000 -1.9417 0.3233
39.0000 -2.3578 1.4288
39.1000 -3.1107 1.6017
39.2000 -1.9676 1.0314
39.3000 -2.7670 0.9438
39.4000 -1.7659 0.7042
39.5000 -1.5813 0.6405
39.6000 -1.4855 1.4726
39.7000 -1.1281 0.2179
39.8000 -3.3385 0.5409
39.9000 -2.8940 0.7891
40.0000 -3.7578 1.3365
40.1000 -1.5728 -0.1112
40.2000 -0.6344 -0.3507
40.3000 -1.2973 1.2478
40.4000 -2.9502 0.6026
40.5000 -2.7320 1.4643
40.6000 -0.8217 0.5352
40.7000 0.9384 1.0465
40.8000 -1.5419 0.6271
40.9000 -1.4891 1.0155
41.0000 -0.2050 0.5904
41.1000 -0.9500 1.2741
41.2000 -0.2440 1.4104
41.3000 -2.6266 1.1254
41.4000 -0.3079 2.0587
41.5000 -0.4114 0.2817
41.6000 -2.1269 1.3130
41.7000 0.1452 1.9954
41.8000 -1.4744 1.7748
41.9000 1.1660 0.2943
42.0000 -0.1582 1.5778
42.1000 0.6188 0.8061
42.2000 -0.6181 0.9688
42.3000 0.4316 1.2358
42.4000 0.5016 0.3091
42.5000 2.3942 0.0238
42.6000 0.1141 1.1541
42.7000 2.1303 0.6681
42.8000 1.3872 1.5234
42.9000 0.8293 0.7757
43.0000 0.6962 1.1956
43.1000 2.2700 1.1336
43.2000 1.4458 0.2260
43.3000 3.1691 -0.2990
43.4000 2.6443 0.7918
43.5000 3.4616 1.0506
43.6000 2.0663 0.3689
43.7000 1.7891 1.1298
43.8000 3.5786 0.1449
43.9000 1.9069 1.1590
44.0000 4.6509 0.1475
44.1000 2.6893 0.5066
44.2000 5.1358 0.3339
44.3000 2.4604 1.1512
44.4000 2.9192 0.1289
44.5000 5.0247 0.6641
44.6000 3.5436 0.1043
44.7000 2.5216 0.3461
44.8000 4.2579 0.2914
44.9000 3.2797 0.2598
45.0000 5.1376 0.2694
45.1000 3.4212 0.8537
45.2000 2.4004 0.4019
45.3000 2.4384 0.1734
45.4000 4.5695 -0.2341
45.5000 4.6713 0.0877
45.6000 3.9298 -0.5305
45.7000 3.8300 0.2255
45.8000 4.6096 -0.5386
45.9000 4.4313 -0.7737
46.0000 3.6396 0.2995
46.1000 4.3626 -0.9187
46.2000 1.5738 -0.3604
46.3000 5.6270 -0.5792
46.4000 3.7767 -0.7324
46.5000 5.2462 -0.0502
46.6000 4.7850 0.2030
46.7000 2.5763 -0.8795
46.8000 3.2821 0.5098
46.9000 4.8096 -0.8996
47.0000 3.6728 -1.0311
47.1000 3.3799 -0.2388
47.2000 6.1072 0.5410
47.3000 4.4222 -0.5415
47.4000 5.6291 -0.3956
47.5000 4.5388 -0.2838
47.6000 2.3862 -0.5517
47.7000 3.1888 0.2686
47.8000 4.5492 -1.2120
47.9000 4.9856 -0.9385
48.0000 3.6658 -0.8363
48.1000 4.1461 -0.4850
48.2000 6.6730 -0.7149
48.3000 2.5374 -0.4769
48.4000 1.6709 -0.5020
48.5000 5.2711 -0.9863
48.6000 4.0605 -1.1402
48.7000 3.6058 -1.4028
48.8000 4.2581 -0.8551
48.9000 2.3569 -0.8265
49.0000 4.4131 -0.7158
49.1000 4.6238 -0.5963
49.2000 3.9275 -1.2160
49.3000 3.5229 -1.1218
49.4000 2.1804 -0.7730
49.5000 2.0391 -0.7354
49.6000 1.8142 -0.4929
49.7000 3.3275 -1.3482
49.8000 3.1113 -0.8903
49.9000 3.4928 -1.2772
50.0000 0.4368 -0.9059
50.1000 2.5052 -0.1594
50.2000 1.6289 -1.1568
50.3000 3.0257 -1.6183
50.4000 2.7389 -1.2737
50.5000 2.3153 -1.7549
50.6000 3.4058 -1.2819
50.7000 2.5128 -1.0078
50.8000 3.3778 -1.0409
50.9000 1.3704 -1.2512
51.0000 1.2743 -0.6119
51.1000 0.5172 -0.8667
51.2000 1.4711 -1.8706
51.3000 2.3169 -0.4432
51.4000 4.0150 -1.8396
51.5000 -0.3665 -0.3920
51.6000 1.4212 -1.4168
51.7000 1.4426 -1.2484
51.8000 0.1125 -0.9297
51.9000 0.4106 0.3040
52.0000 1.7490 -1.6479
52.1000 -0.2398 -1.5623
52.2000 0.6210 -1.6030
52.3000 0.9784 -0.8986
52.4000 0.9598 -0.9216
52.5000 0.2187 -1.0366
52.6000 -0.9723 -0.4362
52.7000 -0.2141 -0.1628
52.8000 -0.3299 -0.9819
52.9000 2.0245 -1.0726
53.0000 0.1535 -1.3770
53.1000 -1.2391 -0.6630
53.2000 -0.4242 -1.1427
53.3000 0.3091 -0.9961
53.4000 -0.4541 -0.6555
53.5000 -1.5022 0.1143
53.6000 0.1755 -1.3360
53.7000 -2.2071 -1.5742
53.8000 -0.6558 -0.8147
53.9000 -2.6901 -0.0422
54.0000 -1.1912 -0.3552
54.1000 -1.5762 -0.5831
54.2000 -0.8610 -1.5221
54.3000 -1.3300 0.1951
54.4000 -2.3952 -0.3497
54.5000 -3.7106 -0.7752
54.6000 -2.0678 -0.5342
54.7000 -5.4121 0.0950
54.8000 -1.0631 -0.7867
54.9000 -3.6688 -0.5659
55.0000 -2.4796 0.5493
55.1000 -4.3797 0.2015
55.2000 -2.7002 -0.1101
55.3000 -4.0446 -0.4312
55.4000 -3.3865 -0.3318
55.5000 -3.5459 -0.2956
55.6000 -2.8994 -0.1777
55.7000 -3.3697 0.2689
55.8000 -2.3586 -0.5811
55.9000 -3.7148 0.2016
56.0000 -3.0865 -0.4806
56.1000 -3.3723 -0.0526
56.2000 -2.9961 0.1580
56.3000 -4.2365 0.5734
56.4000 -2.8427 -0.1362
56.5000 -2.9815 0.3682
56.6000 -3.1274 0.2913
56.7000 -3.1528 -0.5662
56.8000 -2.7448 0.3431
56.9000 -2.8355 0.4297
57.0000 -3.5650 0.5141
57.1000 -3.2819 0.3883
57.2000 -6.0414 0.3769
57.3000 -5.1345 0.2655
57.4000 -3.6950 0.5650
57.5000 -4.2275 0.6685
57.6000 -3.4580 0.1687
57.7000 -3.6324 0.8731
57.8000 -3.8579 0.3742
57.9000 -3.7948 1.0546
58.0000 -3.7931 1.2042
58.1000 -5.4346 -0.0148
58.2000 -2.8162 0.7373
58.3000 -4.1612 0.8581
58.4000 -3.0040 0.5011
58.5000 -5.8349 0.8156
58.6000 -4.6121 0.1587
58.7000 -4.7936 -0.0538
58.8000 -5.6387 0.6508
58.9000 -3.3656 0.5754
59.0000 -3.7436 0.5602
59.1000 -3.8215 0.0786
59.2000 -3.8232 0.2733
59.3000 -3.1479 1.3790
59.4000 -4.3301 1.7542
59.5000 -2.0317 0.2263
59.6000 -2.7404 0.5693
59.7000 -3.9576 1.4330
59.8000 -3.1075 1.2416
59.9000 -2.9874 0.8991
60.0000 -2.2454 0.5665
60.1000 -3.1814 0.8490
60.2000 -2.4448 1.8547
60.3000 -3.8472 1.5188
60.4000 -3.1965 0.8506
60.5000 -2.0526 0.5317
60.6000 -2.2499 0.6666
60.7000 -1.6579 -0.0281
60.8000 -1.5135 1.0498
60.9000 -2.2614 1.3551
61.0000 -1.9367 0.2945
61.1000 -0.8046 0.7827
61.2000 -1.8813 1.0758
61.3000 -1.9086 0.8944
61.4000 -1.2253 0.9850
61.5000 -0.9196 1.3857
61.6000 -1.9088 0.9674
61.7000 -2.6324 1.0096
61.8000 -0.9177 1.1994
61.9000 -0.3084 0.6136
62.0000 -0.3463 1.6949
62.1000 -1.8117 1.3250
62.2000 1.5731 0.0894
62.3000 0.7962 0.9628
62.4000 0.0024 0.9441
62.5000 0.3480 0.0600
62.6000 -1.8523 0.4236
62.7000 -2.0399 1.6889
62.8000 0.9696 1.5042
62.9000 0.8570 0.8359
63.0000 -1.2104 0.9226
63.1000 -0.1960 1.0997
63.2000 1.2932 0.7871
63.3000 1.2319 1.1950
63.4000 0.1839 0.2905
63.5000 1.3458 0.5565
63.6000 0.3831 0.7902
63.7000 1.0016 0.6062
63.8000 2.0134 0.3420
63.9000 0.4137 1.1109
64.0000 1.1816 1.6549
64.1000 2.3489 0.6799
64.2000 2.6093 0.1935
64.3000 0.2895 0.5239
64.4000 -0.0950 0.3786
64.5000 3.8941 0.4830
64.6000 1.8408 0.8353
64.7000 3.8422 1.2778
64.8000 4.0517 0.2112
64.9000 0.1929 0.9393
65.0000 2.0396 0.8055
65.1000 2.8940 0.7300
65.2000 3.0783 0.2510
65.3000 1.7850 -0.9952
65.4000 2.3119 1.2637
65.5000 1.6326 0.5111
65.6000 2.5783 0.3884
65.7000 2.5885 0.9918
65.8000 1.6645 0.0758
65.9000 2.4959 0.4122
66.0000 2.3348 0.3421
66.1000 5.3917 0.5836
66.2000 3.3037 0.5158
66.3000 3.9634 0.2250
66.4000 2.7396 -0.4010
66.5000 4.6543 -0.0252
66.6000 4.7352 -0.4485
66.7000 4.1684 -1.0825
66.8000 3.7719 0.0836
66.9000 3.1129 -1.3379
67.0000 4.8440 -0.1577
67.1000 5.1299 -1.0651
67.2000 3.3970 -0.2160
67.3000 3.6477 -0.5904
67.4000 3.1099 -0.5954
67.5000 4.7810 -0.0159
67.6000 3.5983 -0.2169
67.7000 1.4816 -0.0928
67.8000 3.0182 -0.3071
67.9000 4.0567 -0.0875
68.0000 2.2222 0.9644
68.1000 5.5444 -0.3572
68.2000 3.4613 -0.4097
68.3000 4.0610 -0.6483
68.4000 2.9724 -0.0451
68.5000 4.6939 0.0033
68.6000 4.2375 -0.0224
68.7000 4.2398 -0.9392
68.8000 4.2190 0.1417
68.9000 4.8654 -0.2571
69.0000 4.6663 -0.3488
69.1000 3.4566 -0.4666
69.2000 4.1859 -0.1482
69.3000 2.9869 -0.8221
69.4000 3.8157 -1.0329
69.5000 4.1608 -1.0401
69.6000 4.0934 -1.2520
69.7000 3.8539 -0.9180
69.8000 3.5412 -1.0374
69.9000 3.2125 -1.3194
70.0000 5.4224 -1.4961
70.1000 3.5869 -1.1849
70.2000 2.3105 -1.0484
70.3000 2.2681 -0.7232
70.4000 2.0068 -0.1430
70.5000 2.4176 -1.5171
70.6000 0.0775 -1.2535
70.7000 2.8181 -0.9999
70.8000 2.3729 -0.5511
70.9000 1.8544 -1.0783
71.0000 1.4875 -1.0182
71.1000 1.3915 -1.0756
71.2000 2.1880 -1.1643
71.3000 2.2345 -1.1645
71.4000 4.1252 0.0585
71.5000 2.6318 -0.6760
71.6000 1.4234 -1.3737
71.7000 -0.9738 -0.3526
71.8000 1.4994 -1.9024
71.9000 0.2796 -1.1827
72.0000 3.6757 -1.2595
72.1000 0.9694 -2.3669
72.2000 2.0222 -0.8317
72.3000 0.6236 -1.3898
72.4000 1.2074 -0.4703
72.5000 2.8043 -1.4786
72.6000 0.7701 -0.1025
72.7000 -1.5850 -0.9633
72.8000 -0.0998 -1.9576
72.9000 -0.7960 -1.1000
73.0000 0.9429 -1.9430
73.1000 0.3956 -1.0550
73.2000 0.9174 -0.7491
73.3000 0.6362 -0.6564
73.4000 0.2353 -0.6831
73.5000 1.0210 0.8671
73.6000 2.4029 -0.5000
73.7000 -3.4534 -0.7026
73.8000 0.1942 -0.7034
73.9000 0.8944 -0.8178
74.0000 -1.1439 -0.3659
74.1000 1.5579 0.0458
74.2000 -2.5743 -0.8508
74.3000 -0.6356 -0.7572
74.4000 -3.5012 -0.3412
74.5000 -2.3204 -0.1950
74.6000 -2.6456 -0.7916
74.7000 0.3000 -0.1961
74.8000 -1.6727 -1.7099
74.9000 -2.6184 -0.0390
75.0000 -2.1948 -0.1859
75.1000 -1.0328 0.0950
75.2000 -1.2104 -1.3442
75.3000 -2.9597 0.3591
75.4000 -2.1700 -0.7092
75.5000 -0.3645 -0.4315
75.6000 -3.7881 -0.1742
75.7000 -3.5720 0.1792
75.8000 -2.7156 -0.7112
75.9000 -2.8074 0.6201
76.0000 -3.6633 -0.2260
76.1000 -3.5881 -1.5748
76.2000 -3.9027 -1.3014
76.3000 -2.4528 -0.7839
76.4000 -3.5667 0.1659
76.5000 -1.7887 -0.8638
76.6000 -3.6892 -0.1536
76.7000 -3.7253 0.4724
76.8000 -2.9882 -0.7891
76.9000 -2.7593 0.7442
77.0000 -2.6881 0.1175
77.1000 -2.7314 -0.0192
77.2000 -4.3481 -0.0174
77.3000 -2.6544 -0.0747
77.4000 -4.0465 0.1097
77.5000 -4.5811 -0.2238
77.6000 -3.5931 -0.5430
77.7000 -3.4332 0.6720
77.8000 -4.2081 -0.0327
77.9000 -4.8896 0.3952
78.0000 -2.6309 -0.6385
78.1000 -3.9348 0.5409
78.2000 -3.9256 0.2059
78.3000 -2.9744 0.0153
78.4000 -3.0416 -0.0522
78.5000 -2.5128 -0.2602
78.6000 -4.1300 0.7778
78.7000 -5.4309 0.4982
78.8000 -4.2853 0.7096
78.9000 -7.4789 0.1126
79.0000 -3.6715 0.6900
79.1000 -3.7035 1.4548
79.2000 -4.8295 0.4649
79.3000 -5.1723 0.0925
79.4000 -2.7582 1.0608
79.5000 -2.3981 0.7459
79.6000 -3.3419 1.1760
79.7000 -2.5770 1.3584
79.8000 -4.0998 1.9198
79.9000 -1.4861 0.9335
80.0000 -3.9185 1.1829
80.1000 -2.7818 0.6750
80.2000 -3.5457 0.5318
80.3000 -3.9952 0.7534
80.4000 -3.3045 1.0654
80.5000 -2.4869 1.2309
80.6000 -3.7314 1.9419
80.7000 -2.3410 0.8934
80.8000 -3.0860 -0.7323
80.9000 -3.5893 1.0991
81.0000 -2.0689 0.4673
81.1000 -1.4452 0.2685
81.2000 -2.2405 1.1513
81.3000 -1.6785 1.4865
81.4000 -2.7485 0.3975
81.5000 -2.4388 1.1831
81.6000 -3.1624 1.2349
81.7000 -3.4701 1.7646
81.8000 -2.1275 1.0057
81.9000 -2.6735 0.5474
82.0000 -2.3054 -0.0180
82.1000 -0.8276 1.8481
82.2000 -2.5383 0.1025
82.3000 -1.6137 1.4404
82.4000 0.0866 0.5320
82.5000 -1.3303 0.7143
82.6000 0.0638 1.2747
82.7000 -1.3532 0.3840
82.8000 -1.3230 0.8687
82.9000 1.5475 1.4670
83.0000 -1.3426 0.5857
83.1000 -0.5658 1.0280
83.2000 -0.4636 1.3417
83.3000 -0.7006 0.8204
83.4000 0.8185 1.0054
83.5000 -0.5585 1.1239
83.6000 -1.7174 1.0511
83.7000 -0.1495 0.7920
83.8000 0.7445 1.5839
83.9000 1.3652 1.2378
84.0000 0.2377 1.1670
84.1000 0.3441 0.8073
84.2000 -0.1140 0.7520
84.3000 1.0824 0.4721
84.4000 0.5382 0.8361
84.5000 0.5209 1.7112
84.6000 1.3199 -0.0932
84.7000 1.2318 0.7465
84.8000 -0.0750 1.0891
84.9000 2.6112 0.3925
85.0000 3.0664 1.1467
85.1000 3.2544 0.8687
85.2000 2.7302 0.4425
85.3000 1.3169 1.1079
85.4000 0.6441 0.4602
85.5000 2.3726 0.3471
85.6000 3.1571 0.8107
85.7000 2.1014 0.5559
85.8000 3.1698 0.6715
85.9000 0.8244 0.3781
86.0000 2.3388 0.4810
86.1000 3.3803 -0.0909
86.2000 2.9249 0.7508
86.3000 3.0453 0.7891
86.4000 2.4241 0.8469
86.5000 1.8409 0.0341
86.6000 4.2387 0.0921
86.7000 2.6986 1.0394
86.8000 5.8248 -0.3363
86.9000 4.0724 0.2212
87.0000 3.3553 -0.1213
87.1000 1.9030 1.0176
87.2000 5.7731 -0.7893
87.3000 2.6764 -0.3218
87.4000 3.4892 0.0599
87.5000 4.1611 0.0167
87.6000 3.7730 -0.4118
87.7000 3.1741 0.0153
87.8000 3.6027 -0.6468
87.9000 4.1266 0.7006
88.0000 4.2707 -0.9559
88.1000 2.4728 -0.9343
88.2000 4.3767 0.8991
88.3000 3.9896 -0.3422
88.4000 3.1264 0.1284
88.5000 3.6674 0.1965
88.6000 5.1518 -0.7516
88.7000 3.1666 -0.8943
88.8000 3.4493 -0.3638
88.9000 4.8195 0.3055
89.0000 2.0263 -0.7992
89.1000 3.7607 -0.3008
89.2000 3.1207 -0.2076
89.3000 3.7232 0.3755
89.4000 4.8985 -0.6697
89.5000 3.8137 -0.6481
89.6000 3.4052 0.3510
89.7000 2.8843 0.0097
89.8000 4.5139 -1.7670
89.9000 5.8760 -0.7864
90.0000 2.7112 0.0580
90.1000 4.7185 -0.6635
90.2000 3.8758 -0.8487
90.3000 5.6732 -0.4928
90.4000 4.1723 -0.0503
90.5000 5.8676 -0.0752
90.6000 2.7139 -1.3474
90.7000 2.0495 -0.8778
90.8000 3.9013 -0.6763
90.9000 1.7170 -0.9282
91.0000 2.2814 -0.1160
91.1000 1.8609 -0.1746
91.2000 3.5120 -0.6975
91.3000 2.6242 -0.4428
91.4000 2.2704 -1.0559
91.5000 3.9457 -1.5972
91.6000 4.3750 -1.1082
91.7000 2.3852 -1.0589
91.8000 2.0401 0.3838
91.9000 0.7397 -1.3126
92.0000 2.6682 -0.0859
92.1000 3.6103 -0.6806
92.2000 2.8055 -0.5185
92.3000 3.3039 -1.0255
92.4000 0.9735 -1.1890
92.5000 0.8137 -0.7744
92.6000 2.5346 -1.8042
92.7000 1.3831 -0.8955
92.8000 1.3889 -1.8080
92.9000 1.3423 -0.1080
93.0000 2.0962 -0.9342
93.1000 0.9747 -0.4442
93.2000 2.5445 -0.6159
93.3000 1.3585 -1.2576
93.4000 0.8674 -1.1291
93.5000 1.2231 -1.2877
93.6000 2.6932 -1.0286
93.7000 0.1810 -1.3313
93.8000 -0.6820 -1.1122
93.9000 -0.1716 -1.7067
94.0000 -0.0531 -1.0819
94.1000 -0.1918 -0.5503
94.2000 0.0753 -1.7560
94.3000 -1.4808 -0.6874
94.4000 -0.7593 -0.6982
94.5000 0.0100 -0.9099
94.6000 -0.2917 -1.0185
94.7000 -0.3738 -0.6351
94.8000 -1.4300 -0.2199
94.9000 -1.0450 -0.0980
95.0000 -0.6707 -0.8889
95.1000 0.6195 -1.0966
95.2000 -0.5641 -1.1544
95.3000 -1.7804 -1.3324
95.4000 -1.8080 -0.1941
95.5000 -1.2594 -0.6207
95.6000 -2.4290 -0.8340
95.7000 0.3581 -0.9117
95.8000 -3.6741 -0.4922
95.9000 -2.7077 -0.5311
96.0000 -2.8575 -0.2221
96.1000 -0.6918 0.0668
96.2000 -2.4897 -0.2657
96.3000 -4.0299 -0.6926
96.4000 -0.3636 -0.3714
96.5000 -1.6009 0.1305
96.6000 -2.8888 -0.5958
96.7000 -1.8113 -0.5451
96.8000 -2.5926 -1.2975
96.9000 -4.5921 -0.0485
97.0000 -2.4231 0.1099
97.1000 -2.8010 0.0724
97.2000 -2.5310 0.1884
97.3000 -5.3433 -0.7096
97.4000 -1.7071 0.1635
97.5000 -2.5407 0.0613
97.6000 -2.7266 -0.6513
97.7000 -2.7757 -0.2354
97.8000 -3.6160 -0.2566
97.9000 -3.5360 -0.4377
98.0000 -2.8994 0.5279
98.1000 -3.2768 0.4990
98.2000 -3.2391 1.1514
98.3000 -2.0976 0.1104
98.4000 -3.8764 0.1089
98.5000 -3.4119 0.7859
98.6000 -3.0845 0.2714
98.7000 -3.3055 0.2241
98.8000 -3.8459 1.1482
98.9000 -3.6571 0.0335
99.0000 -3.6077 0.2265
99.1000 -3.1113 -0.2373
99.2000 -5.3396 0.3647
99.3000 -5.6552 -0.2638
99.4000 -3.4857 -0.4651
99.5000 -5.3167 -0.0267
99.6000 -5.8801 0.0096
99.7000 -4.0156 0.3030
99.8000 -3.3443 0.5119
99.9000 -4.6085 0.4217
100.0000 -4.5205 0.4199
100.1000 -4.7193 1.7625
100.2000 -2.5073 0.9338
100.3000 -4.1668 0.9972
100.4000 -2.7677 0.5214
100.5000 -4.6769 0.0247
100.6000 -4.0700 1.4902
100.7000 -2.1889 0.1104
100.8000 -3.9125 1.0029
100.9000 -2.9707 1.3150
101.0000 -4.0842 0.2245
101.1000 -3.7009 -0.2105
101.2000 -4.5400 0.9973
101.3000 -3.0267 0.7657
101.4000 -2.2954 1.4584
101.5000 -5.0232 1.8001
101.6000 -3.8373 0.8684
101.7000 -3.5029 -0.1230
101.8000 -1.1384 1.7002
101.9000 -1.6981 1.0092
102.0000 -3.4932 0.0429
102.1000 -4.3809 1.2209
102.2000 -3.9844 0.4935
102.3000 -4.6398 0.7222
102.4000 -3.6797 1.5169
102.5000 -3.1466 1.2901
102.6000 -2.3405 1.0875
102.7000 -1.0232 0.4290
102.8000 -3.9960 1.5248
102.9000 -1.1858 0.3813
103.0000 -1.3101 1.1750
103.1000 -4.3972 1.1264
103.2000 -3.1342 1.2060
103.3000 -1.2296 1.5456
103.4000 -3.4906 0.8681
103.5000 -1.6926 0.7726
103.6000 -2.7448 1.4843
103.7000 -1.9635 0.8384
103.8000 -3.1299 1.5902
103.9000 -1.0815 0.9041
104.0000 -1.1081 0.5822
104.1000 0.0321 1.0287
104.2000 -0.0758 1.1311
104.3000 0.3890 0.9745
104.4000 -0.3292 0.5618
104.5000 0.5998 0.7603
104.6000 -1.4517 1.3139
104.7000 -0.5554 0.9264
104.8000 0.9397 0.5528
104.9000 0.9632 1.0968
105.0000 1.5786 0.6995
105.1000 1.2124 0.1643
105.2000 0.4252 0.7557
105.3000 1.7022 2.4739
105.4000 1.1526 0.6348
105.5000 1.6410 1.1092
105.6000 -0.1109 0.4480
105.7000 0.7529 -0.0836
105.8000 2.3102 1.1296
105.9000 1.7805 0.5909
106.0000 0.9962 1.0303
106.1000 2.0962 1.3144
106.2000 4.1362 1.3713
106.3000 2.8455 1.4378
106.4000 1.6350 0.2849
106.5000 3.4897 0.2974
106.6000 1.7584 1.5396
106.7000 2.2168 1.0233
106.8000 2.3404 -0.1582
106.9000 3.3554 0.2220
107.0000 2.9830 -0.1071
107.1000 4.6410 0.6548
107.2000 1.8538 0.0082
107.3000 1.4924 -0.1514
107.4000 1.2089 -0.6029
107.5000 1.6410 0.9856
107.6000 0.9514 -0.2164
107.7000 3.3352 -1.1642
107.8000 3.3646 0.8625
107.9000 2.5569 0.1945
108.0000 3.8779 1.2672
108.1000 4.3493 0.3319
108.2000 3.5633 1.0419
108.3000 1.2328 -0.3855
108.4000 4.3226 0.6163
108.5000 4.1183 -0.1412
108.6000 3.2752 -0.2712
108.7000 3.0040 0.1923
108.8000 2.5189 0.1604
108.9000 4.7559 0.3347
109.0000 5.0655 -0.9061
109.1000 3.8681 0.1481
109.2000 2.9699 -0.9069
109.3000 1.9308 -0.5174
109.4000 5.5465 -0.1207
109.5000 4.8296 -0.0062
109.6000 3.6414 0.4132
109.7000 3.3759 -0.4824
109.8000 4.2506 -0.7095
109.9000 2.5901 0.3514
110.0000 2.3758 -0.2643
110.1000 5.2263 0.1247
110.2000 2.8105 -0.5560
110.3000 4.6371 0.0465
110.4000 4.1836 0.0978
110.5000 4.8418 -0.6875
110.6000 4.3849 -0.6660
110.7000 3.0525 -0.1438
110.8000 4.9234 -1.0870
110.9000 5.4983 -1.1119
111.0000 5.4556 -1.2243
111.1000 4.2737 -1.3591
111.2000 2.0708 -1.0763
111.3000 4.2737 -0.7221
111.4000 3.7771 0.3279
111.5000 2.8237 -0.6161
111.6000 3.2876 -1.2718
111.7000 3.5313 -0.5305
111.8000 1.6005 -0.8947
111.9000 4.1121 -1.4741
112.0000 3.3429 -0.2634
112.1000 2.6475 -0.1164
112.2000 2.9674 -0.9277
112.3000 1.8698 -0.7106
112.4000 3.9080 -1.2929
112.5000 4.7625 -0.7177
112.6000 3.8634 -0.6739
112.7000 1.5970 -1.7757
112.8000 0.8374 -0.9074
112.9000 4.0846 -0.4735
113.0000 3.2904 -1.1162
113.1000 1.8007 -0.3740
113.2000 2.9495 -1.2148
113.3000 3.4396 -1.0733
113.4000 1.9510 -1.2269
113.5000 0.0763 -0.9379
113.6000 2.6727 -0.7317
113.7000 2.4137 -0.4940
113.8000 0.3352 -0.8271
113.9000 1.2911 -1.3390
114.0000 3.2096 -0.4308
114.1000 2.2178 -1.4517
114.2000 1.9818 -1.2704
114.3000 -0.5375 -1.3909
114.4000 2.3272 -0.9831
114.5000 0.6781 -1.2986
114.6000 1.8670 -0.8718
114.7000 0.2638 -1.0288
114.8000 -1.2884 -0.9610
114.9000 1.7042 -0.7713
115.0000 -0.4243 -0.8411
115.1000 1.1167 -0.7207
115.2000 0.0540 -1.1863
115.3000 -0.4447 -0.4872
115.4000 -0.1559 -1.3955
115.5000 -0.7139 -1.3018
115.6000 -0.4672 -0.7814
115.7000 -1.7353 -1.0732
115.8000 -1.7627 -0.1466
115.9000 -2.4398 -0.7469
116.0000 0.4354 -0.9698
116.1000 -1.4874 -0.6090
116.2000 -0.1339 -0.6154
116.3000 -0.7671 -0.0261
116.4000 -1.0466 -0.1649
116.5000 -1.2037 -0.1395
116.6000 -1.6222 0.4047
116.7000 -1.7676 -0.3732
116.8000 -3.4005 -1.0944
116.9000 -1.9751 -0.1974
117.0000 -4.1307 0.2536
117.1000 -1.5340 0.6265
117.2000 -2.0330 0.9283
117.3000 -3.3098 -0.5898
117.4000 -2.0061 -0.5331
117.5000 -2.2647 -0.5268
117.6000 -3.4133 0.1411
117.7000 -3.0406 -1.2169
117.8000 -2.9999 0.1085
117.9000 -5.5237 -0.5991
118.0000 -3.7052 -0.3402
118.1000 -3.4637 0.4149
118.2000 -4.6456 -0.2750
118.3000 -2.8349 -0.1790
118.4000 -3.9611 -0.7786
118.5000 -5.6996 -0.4541
118.6000 -3.9675 -0.2949
118.7000 -3.6848 0.5685
118.8000 -2.6821 -1.2363
118.9000 -4.9183 -0.7749
119.0000 -5.6985 0.2642
119.1000 -3.3386 -0.1754
119.2000 -3.8009 0.6273
119.3000 -3.0210 1.1033
119.4000 -4.1445 0.0901
119.5000 -3.9351 0.4528
119.6000 -2.7876 0.1698
119.7000 -3.6210 -0.1639
119.8000 -4.1434 -0.2487
119.9000 -4.5341 0.0307
120.0000 -2.9195 1.0280
